Event1    	Event2    	Tree      	Model	lnML          	ML            	mu1 	mu1star	nu1 	nu1star	mu2 	mu2star	nu2 	nu2star
4         	21        	1         	L    	-5.4906889147 	0.004125      	1.0318	-   	0   	-0  	0   	1000	0   	0   
4         	95        	1         	L    	-20.3077645794	1.5151e-09    	1.0916	0   	0   	0   	3.2747	1000	0   	0   
4         	100       	1         	L    	-20.3077645794	1.5151e-09    	1.0916	0   	0   	0   	3.2747	1000	0   	0   
4         	101       	1         	L    	-20.3077645794	1.5151e-09    	1.0916	0   	0   	0   	3.2747	1000	0   	0   
7         	8         	1         	L    	-110.6624348647	8.7079e-49    	9.0865	8.5861	0   	0   	15.575	1000	4.4489	285.64
7         	22        	1         	L    	-75.2567061797	2.0722e-33    	10.889	0   	0   	0   	8.1009	28.832	6.4397	22.92
7         	23        	1         	L    	-42.4496448645	3.6674e-19    	7.8698	1000	7.8698e-07	0.0001	1.1243	0   	0   	0   
7         	24        	1         	L    	-42.4496448645	3.6674e-19    	7.8698	1000	7.8698e-07	0.0001	1.1243	0   	0   	0   
7         	43        	1         	L    	-63.4103134225	2.8923e-28    	7.2993	29.836	7.2993e-07	2.9836e-06	4.8619	0   	14.752	0   
7         	44        	1         	L    	-79.7498822470	2.3177e-35    	11.103	0   	0   	0   	11.011	28.814	5.9042	15.45
7         	45        	1         	L    	-42.4496448645	3.6674e-19    	7.8698	1000	7.8698e-07	0.0001	1.1243	0   	0   	0   
7         	47        	1         	L    	-42.4496448645	3.6674e-19    	7.8698	1000	7.8698e-07	0.0001	1.1243	0   	0   	0   
8         	22        	1         	L    	-120.8138871872	3.3978e-53    	11.873	102.78	4.5627	39.497	13.241	0   	6.0582	0   
8         	43        	1         	L    	-115.7131582838	5.5772e-51    	21.833	74.031	4.3854	14.87	5.4499	0   	14.327	0   
8         	44        	1         	L    	-123.9394058283	1.4921e-54    	10.499	103.66	4.5979	45.398	16.354	0   	5.5557	0   
8         	51        	1         	L    	-127.7870440955	3.1827e-56    	25.815	14.146	4.4045	2.4135	7.0247	48.092	14.63	100.16
11        	22        	1         	L    	-50.2142419287	1.5568e-22    	4.7586	0   	10.95	0   	5.1561	1000	4.2597	826.14
11        	23        	1         	L    	-32.0272017237	1.2324e-14    	3.2974	1000	11.092	1000	1.1064	0   	0   	0   
11        	24        	1         	L    	-32.0272017237	1.2324e-14    	3.2974	1000	11.092	1000	1.1064	0   	0   	0   
11        	44        	1         	L    	-55.6319599814	6.9079e-25    	4.8384	0   	10.947	0   	7.5624	1000	4.4019	582.08
11        	45        	1         	L    	-32.0272017237	1.2324e-14    	3.2974	1000	11.092	1000	1.1064	0   	0   	0   
11        	46        	1         	L    	-50.9532941577	7.4347e-23    	3.6846	10.536	11.002	31.459	5.2815	1000	3.8152	722.36
11        	47        	1         	L    	-32.0272017237	1.2324e-14    	3.2974	1000	11.092	1000	1.1064	0   	0   	0   
12        	13        	1         	L    	-91.8362545334	1.3062e-40    	3.8758	1000	13.487	1000	11.907	8.1575	16.908	11.584
12        	15        	1         	L    	-92.4136388921	7.3327e-41    	4.4062	1000	13.3	1000	15.815	7.8096	49.374	24.38
12        	43        	1         	L    	-73.9905644002	7.3503e-33    	3.9068	1000	13.45	1000	11.297	3.5672	14.387	4.5428
12        	63        	1         	L    	-95.1506401579	4.749e-42     	7.915	3.4273	15.16	6.5643	9.1355	69.966	8.6222	66.035
12        	64        	1         	L    	-95.1506401579	4.749e-42     	7.915	3.4273	15.16	6.5643	9.1355	69.966	8.6222	66.035
12        	65        	1         	L    	-95.1506401579	4.749e-42     	7.915	3.4273	15.16	6.5643	9.1355	69.966	8.6222	66.035
12        	66        	1         	L    	-95.1506401579	4.749e-42     	7.915	3.4273	15.16	6.5643	9.1355	69.966	8.6222	66.035
12        	67        	1         	L    	-95.1506401579	4.749e-42     	7.915	3.4273	15.16	6.5643	9.1355	69.966	8.6222	66.035
13        	15        	1         	L    	-60.9521360104	3.3793e-27    	0.89057	1000	2.7262	1000	8.5963	0   	50.402	0   
13        	43        	1         	L    	-59.5919637282	1.3169e-26    	7.7027	39.179	15.22	77.413	0.65096	130.25	6.2925	1000
13        	44        	1         	L    	-84.0078343764	3.2799e-37    	10.125	0   	14.805	0   	10.063	84.998	5.8935	49.782
15        	43        	1         	L    	-65.9038339409	2.3896e-29    	7.761	17.947	47.245	109.25	1.4805	83.396	10.063	566.85
7         	16        	1         	L    	-59.5526197123	1.3697e-26    	7.8713	1000	7.8713e-07	0.0001	3.3734	0   	0   	0   
8         	16        	1         	L    	-112.4385813000	1.4742e-49    	23.316	1000	4.3886	188.22	3.8865	0   	0   	0   
11        	16        	1         	L    	-49.1626710690	4.4558e-22    	3.2979	1000	11.087	1000	3.3197	0   	0   	0   
13        	16        	1         	L    	-62.4885202631	7.2708e-28    	7.4855	1000	15.425	1000	1.0706	30.403	0   	0   
15        	16        	1         	L    	-62.8374588272	5.1291e-28    	8.3744	-   	47.729	-   	0   	70.893	0   	1000
16        	22        	1         	L    	-62.7305297254	5.7079e-28    	3.5913	0   	0   	0   	9.5088	1000	6.3071	663.29
16        	23        	1         	L    	-30.5442088571	5.4302e-14    	3.0005	-   	0   	-0  	0   	1000	0   	1000
16        	24        	1         	L    	-30.5442088571	5.4302e-14    	3.0005	-   	0   	-0  	0   	1000	0   	1000
16        	43        	1         	L    	-49.6926568709	2.6227e-22    	3.2224	0   	0   	0   	3.2187	1000	14.747	1000
16        	44        	1         	L    	-67.3933704505	5.388e-30     	2.4331	5.6229	0   	0   	12.078	1000	5.8158	481.53
16        	45        	1         	L    	-30.5442088571	5.4302e-14    	3.0005	-   	0   	-0  	0   	1000	0   	1000
16        	47        	1         	L    	-30.5442088571	5.4302e-14    	3.0005	-   	0   	-0  	0   	1000	0   	1000
21        	95        	1         	L    	-20.3077645794	1.5151e-09    	1.0916	0   	0   	0   	3.2747	1000	0   	0   
21        	100       	1         	L    	-20.3077645794	1.5151e-09    	1.0916	0   	0   	0   	3.2747	1000	0   	0   
21        	101       	1         	L    	-20.3077645794	1.5151e-09    	1.0916	0   	0   	0   	3.2747	1000	0   	0   
22        	44        	1         	L    	-53.8181515686	4.2371e-24    	10.915	0   	6.1839	0   	1.8442	1000	2.851	1000
22        	46        	1         	L    	-71.8805302547	6.0629e-32    	6.7481	39.686	6.3126	37.125	9.4069	0   	5.333	0   
22        	60        	1         	L    	-71.5487811779	8.4481e-32    	11.822	0   	6.2022	0   	5.296	50.122	0   	0   
8         	23        	1         	L    	-95.9704462897	2.092e-42     	19.001	1000	4.3994	231.54	1.2944	0   	0   	0   
13        	23        	1         	L    	-48.7579423790	6.6787e-22    	7.4955	1000	15.134	1000	1.072	0   	0   	0   
15        	23        	1         	L    	-50.1125263656	1.7235e-22    	7.3246	1000	45.167	1000	1.0476	0   	0   	0   
22        	23        	1         	L    	-45.7527996454	1.3484e-20    	9.506	1000	6.3136	664.17	1.1967	0   	0   	0   
23        	24        	1         	L    	-13.2062660398	1.839e-06     	1.0001	-   	1.0001e-07	-   	0   	1000	0   	1000
23        	43        	1         	L    	-32.4976930319	7.6989e-15    	1.074	0   	0   	0   	3.2182	1000	14.755	1000
23        	44        	1         	L    	-50.1148346951	1.7195e-22    	1.217	0   	0   	0   	12.083	1000	5.803	480.28
23        	45        	1         	L    	-13.2062660398	1.839e-06     	1.0001	-   	1.0001e-07	-   	0   	1000	0   	1000
23        	47        	1         	L    	-13.2062660398	1.839e-06     	1.0001	-   	1.0001e-07	-   	0   	1000	0   	1000
8         	24        	1         	L    	-95.9704462897	2.092e-42     	19.001	1000	4.3994	231.54	1.2944	0   	0   	0   
13        	24        	1         	L    	-48.7579423790	6.6787e-22    	7.4955	1000	15.134	1000	1.072	0   	0   	0   
15        	24        	1         	L    	-50.1125263656	1.7235e-22    	7.3246	1000	45.167	1000	1.0476	0   	0   	0   
22        	24        	1         	L    	-45.7527996454	1.3484e-20    	9.506	1000	6.3136	664.17	1.1967	0   	0   	0   
24        	43        	1         	L    	-32.4976930319	7.6989e-15    	1.074	0   	0   	0   	3.2182	1000	14.755	1000
24        	44        	1         	L    	-50.1148346951	1.7195e-22    	1.217	0   	0   	0   	12.083	1000	5.803	480.28
24        	45        	1         	L    	-13.2062660398	1.839e-06     	1.0001	-   	1.0001e-07	-   	0   	1000	0   	1000
24        	47        	1         	L    	-13.2062660398	1.839e-06     	1.0001	-   	1.0001e-07	-   	0   	1000	0   	1000
26        	27        	1         	L    	-5.5195031610 	0.0040078     	1.0082	-   	0   	-0  	0   	1000	0   	0   
26        	28        	1         	L    	-5.5195031610 	0.0040078     	1.0082	-   	0   	-0  	0   	1000	0   	0   
27        	28        	1         	L    	-5.5195031610 	0.0040078     	1.0082	-   	0   	-0  	0   	1000	0   	0   
4         	43        	1         	L    	-29.5818858624	1.4215e-13    	1.0746	0   	0   	0   	3.3853	1000	12.552	1000
21        	43        	1         	L    	-29.5818858624	1.4215e-13    	1.0746	0   	0   	0   	3.3853	1000	12.552	1000
22        	43        	1         	L    	-66.0602206961	2.0437e-29    	8.7358	47.563	6.3836	34.757	5.0226	0   	14.391	0   
43        	44        	1         	L    	-70.5175569164	2.3693e-31    	5.1125	0   	14.382	0   	11.432	47.536	5.8605	24.37
43        	45        	1         	L    	-32.4976930319	7.6989e-15    	3.2182	1000	14.755	1000	1.074	0   	0   	0   
43        	47        	1         	L    	-32.4976930319	7.6989e-15    	3.2182	1000	14.755	1000	1.074	0   	0   	0   
44        	46        	1         	L    	-76.7260853343	4.7674e-34    	9.6111	39.681	5.8279	24.061	9.5885	0   	5.3303	0   
44        	60        	1         	L    	-76.0252649200	9.6083e-34    	14.714	0   	5.7178	0   	5.3937	42.785	0   	0   
8         	45        	1         	L    	-95.9704462897	2.092e-42     	19.001	1000	4.3994	231.54	1.2944	0   	0   	0   
13        	45        	1         	L    	-48.7579423790	6.6787e-22    	7.4955	1000	15.134	1000	1.072	0   	0   	0   
15        	45        	1         	L    	-50.1125263656	1.7235e-22    	7.3246	1000	45.167	1000	1.0476	0   	0   	0   
22        	45        	1         	L    	-45.7527996454	1.3484e-20    	9.506	1000	6.3136	664.17	1.1967	0   	0   	0   
44        	45        	1         	L    	-50.1148346951	1.7195e-22    	12.083	1000	5.803	480.28	1.217	0   	0   	0   
45        	47        	1         	L    	-13.2062660398	1.839e-06     	1.0001	-   	1.0001e-07	-   	0   	1000	0   	1000
46        	114       	1         	L    	-131.8311594971	5.5777e-58    	0   	8.6384	0   	9.1943	1.72	-   	97.948	-   
8         	47        	1         	L    	-95.9704462897	2.092e-42     	19.001	1000	4.3994	231.54	1.2944	0   	0   	0   
13        	47        	1         	L    	-48.7579423790	6.6787e-22    	7.4955	1000	15.134	1000	1.072	0   	0   	0   
15        	47        	1         	L    	-50.1125263656	1.7235e-22    	7.3246	1000	45.167	1000	1.0476	0   	0   	0   
22        	47        	1         	L    	-45.7527996454	1.3484e-20    	9.506	1000	6.3136	664.17	1.1967	0   	0   	0   
44        	47        	1         	L    	-50.1148346951	1.7195e-22    	12.083	1000	5.803	480.28	1.217	0   	0   	0   
48        	49        	1         	L    	-77.9494236653	1.4028e-34    	8.8913	-   	20.982	-   	1e-07	1000	4.2767e-06	1000
48        	50        	1         	L    	-77.9494236653	1.4028e-34    	8.8913	-   	20.982	-   	1e-07	1000	4.2767e-06	1000
48        	119       	1         	L    	-85.1327027717	1.065e-37     	8.28	-   	21.096	-   	0   	2.2223	0   	0   
48        	120       	1         	L    	-85.1327027717	1.065e-37     	8.28	-   	21.096	-   	0   	2.2223	0   	0   
48        	121       	1         	L    	-85.1327027717	1.065e-37     	8.28	-   	21.096	-   	0   	2.2223	0   	0   
48        	122       	1         	L    	-85.1327027717	1.065e-37     	8.28	-   	21.096	-   	0   	2.2223	0   	0   
48        	123       	1         	L    	-85.1327027717	1.065e-37     	8.28	-   	21.096	-   	0   	2.2223	0   	0   
48        	124       	1         	L    	-85.1327027717	1.065e-37     	8.28	-   	21.096	-   	0   	2.2223	0   	0   
48        	125       	1         	L    	-85.1327027717	1.065e-37     	8.28	-   	21.096	-   	0   	2.2223	0   	0   
48        	126       	1         	L    	-85.1327027717	1.065e-37     	8.28	-   	21.096	-   	0   	2.2223	0   	0   
48        	127       	1         	L    	-85.1327027717	1.065e-37     	8.28	-   	21.096	-   	0   	2.2223	0   	0   
49        	50        	1         	L    	-69.3923245998	7.2996e-31    	8.4315	-   	19.665	-   	1e-07	1000	0.0001	1000
49        	119       	1         	L    	-79.6523675032	2.5551e-35    	8.2874	-   	19.771	-   	0   	2.2223	0   	0   
49        	120       	1         	L    	-79.6523675032	2.5551e-35    	8.2874	-   	19.771	-   	0   	2.2223	0   	0   
49        	121       	1         	L    	-79.6523675032	2.5551e-35    	8.2874	-   	19.771	-   	0   	2.2223	0   	0   
49        	122       	1         	L    	-79.6523675032	2.5551e-35    	8.2874	-   	19.771	-   	0   	2.2223	0   	0   
49        	123       	1         	L    	-79.6523675032	2.5551e-35    	8.2874	-   	19.771	-   	0   	2.2223	0   	0   
49        	124       	1         	L    	-79.6523675032	2.5551e-35    	8.2874	-   	19.771	-   	0   	2.2223	0   	0   
49        	125       	1         	L    	-79.6523675032	2.5551e-35    	8.2874	-   	19.771	-   	0   	2.2223	0   	0   
49        	126       	1         	L    	-79.6523675032	2.5551e-35    	8.2874	-   	19.771	-   	0   	2.2223	0   	0   
49        	127       	1         	L    	-79.6523675032	2.5551e-35    	8.2874	-   	19.771	-   	0   	2.2223	0   	0   
50        	119       	1         	L    	-79.6523675032	2.5551e-35    	8.2874	-   	19.771	-   	0   	2.2223	0   	0   
50        	120       	1         	L    	-79.6523675032	2.5551e-35    	8.2874	-   	19.771	-   	0   	2.2223	0   	0   
50        	121       	1         	L    	-79.6523675032	2.5551e-35    	8.2874	-   	19.771	-   	0   	2.2223	0   	0   
50        	122       	1         	L    	-79.6523675032	2.5551e-35    	8.2874	-   	19.771	-   	0   	2.2223	0   	0   
50        	123       	1         	L    	-79.6523675032	2.5551e-35    	8.2874	-   	19.771	-   	0   	2.2223	0   	0   
50        	124       	1         	L    	-79.6523675032	2.5551e-35    	8.2874	-   	19.771	-   	0   	2.2223	0   	0   
50        	125       	1         	L    	-79.6523675032	2.5551e-35    	8.2874	-   	19.771	-   	0   	2.2223	0   	0   
50        	126       	1         	L    	-79.6523675032	2.5551e-35    	8.2874	-   	19.771	-   	0   	2.2223	0   	0   
50        	127       	1         	L    	-79.6523675032	2.5551e-35    	8.2874	-   	19.771	-   	0   	2.2223	0   	0   
57        	58        	1         	L    	-5.8836067542 	0.0027847     	1.0168	-   	0   	-0  	0   	1000	0   	0   
59        	85        	1         	L    	-129.3854024784	6.4363e-57    	10.525	0   	19.902	0   	4.1209	16.728	7.7265	31.365
59        	88        	1         	L    	-129.3854024784	6.4363e-57    	10.525	0   	19.902	0   	4.1209	16.728	7.7265	31.365
59        	112       	1         	L    	-172.3314414912	1.4368e-75    	10.511	6.2301	22.55	13.366	3.3165	9.6529	23.127	67.313
59        	113       	1         	L    	-179.4614313875	1.1505e-78    	10.543	5.4656	23.557	12.212	2.9022	7.9609	30.816	84.528
59        	115       	1         	L    	-179.4614313875	1.1505e-78    	10.543	5.4656	23.557	12.212	2.9022	7.9609	30.816	84.528
59        	116       	1         	L    	-179.4614313875	1.1505e-78    	10.543	5.4656	23.557	12.212	2.9022	7.9609	30.816	84.528
59        	117       	1         	L    	-179.4614313875	1.1505e-78    	10.543	5.4656	23.557	12.212	2.9022	7.9609	30.816	84.528
59        	118       	1         	L    	-172.3314414912	1.4368e-75    	10.511	6.2301	22.55	13.366	3.3165	9.6529	23.127	67.313
4         	60        	1         	L    	-37.9994675038	3.1408e-17    	1.2048	0   	0   	0   	8.4338	1000	0   	0   
21        	60        	1         	L    	-37.9994675038	3.1408e-17    	1.2048	0   	0   	0   	8.4338	1000	0   	0   
57        	60        	1         	L    	-38.0376287960	3.0232e-17    	1.2048	0   	0   	0   	8.4337	1000	0   	0   
58        	60        	1         	L    	-38.0376287960	3.0232e-17    	1.2048	0   	0   	0   	8.4337	1000	0   	0   
61        	62        	1         	L    	-4.9143730586 	0.0073403     	1.05	-   	0   	-0  	0   	1000	0   	0   
61        	78        	1         	L    	-11.9854622586	6.2342e-06    	1.0803	0   	0   	0   	1.0803	1000	0   	0   
62        	78        	1         	L    	-11.9854622586	6.2342e-06    	1.0803	0   	0   	0   	1.0803	1000	0   	0   
44        	63        	1         	L    	-93.8072282940	1.8199e-41    	5.4075	14.221	4.0752	10.718	9.3713	0   	16.181	0   
63        	64        	1         	L    	-48.5924301481	7.8809e-22    	9.5148	-   	16.065	-   	0   	1000	0   	1000
63        	65        	1         	L    	-48.5924301481	7.8809e-22    	9.5148	-   	16.065	-   	0   	1000	0   	1000
63        	66        	1         	L    	-48.5924301481	7.8809e-22    	9.5148	-   	16.065	-   	0   	1000	0   	1000
63        	67        	1         	L    	-48.5924301481	7.8809e-22    	9.5148	-   	16.065	-   	0   	1000	0   	1000
63        	80        	1         	L    	-54.7190847204	1.7211e-24    	6.2988	1000	16.139	1000	11.545	1.1047	0   	0   
63        	81        	1         	L    	-54.7190847204	1.7211e-24    	6.2988	1000	16.139	1000	11.545	1.1047	0   	0   
63        	82        	1         	L    	-54.7190847204	1.7211e-24    	6.2988	1000	16.139	1000	11.545	1.1047	0   	0   
44        	64        	1         	L    	-93.8072282940	1.8199e-41    	5.4075	14.221	4.0752	10.718	9.3713	0   	16.181	0   
64        	65        	1         	L    	-48.5924301481	7.8809e-22    	9.5148	-   	16.065	-   	0   	1000	0   	1000
64        	66        	1         	L    	-48.5924301481	7.8809e-22    	9.5148	-   	16.065	-   	0   	1000	0   	1000
64        	67        	1         	L    	-48.5924301481	7.8809e-22    	9.5148	-   	16.065	-   	0   	1000	0   	1000
64        	80        	1         	L    	-54.7190847204	1.7211e-24    	6.2988	1000	16.139	1000	11.545	1.1047	0   	0   
64        	81        	1         	L    	-54.7190847204	1.7211e-24    	6.2988	1000	16.139	1000	11.545	1.1047	0   	0   
64        	82        	1         	L    	-54.7190847204	1.7211e-24    	6.2988	1000	16.139	1000	11.545	1.1047	0   	0   
44        	65        	1         	L    	-93.8072282940	1.8199e-41    	5.4075	14.221	4.0752	10.718	9.3713	0   	16.181	0   
65        	66        	1         	L    	-48.5924301481	7.8809e-22    	9.5148	-   	16.065	-   	0   	1000	0   	1000
65        	67        	1         	L    	-48.5924301481	7.8809e-22    	9.5148	-   	16.065	-   	0   	1000	0   	1000
65        	80        	1         	L    	-54.7190847204	1.7211e-24    	6.2988	1000	16.139	1000	11.545	1.1047	0   	0   
65        	81        	1         	L    	-54.7190847204	1.7211e-24    	6.2988	1000	16.139	1000	11.545	1.1047	0   	0   
65        	82        	1         	L    	-54.7190847204	1.7211e-24    	6.2988	1000	16.139	1000	11.545	1.1047	0   	0   
44        	66        	1         	L    	-93.8072282940	1.8199e-41    	5.4075	14.221	4.0752	10.718	9.3713	0   	16.181	0   
66        	67        	1         	L    	-48.5924301481	7.8809e-22    	9.5148	-   	16.065	-   	0   	1000	0   	1000
66        	80        	1         	L    	-54.7190847204	1.7211e-24    	6.2988	1000	16.139	1000	11.545	1.1047	0   	0   
66        	81        	1         	L    	-54.7190847204	1.7211e-24    	6.2988	1000	16.139	1000	11.545	1.1047	0   	0   
66        	82        	1         	L    	-54.7190847204	1.7211e-24    	6.2988	1000	16.139	1000	11.545	1.1047	0   	0   
44        	67        	1         	L    	-93.8072282940	1.8199e-41    	5.4075	14.221	4.0752	10.718	9.3713	0   	16.181	0   
67        	80        	1         	L    	-54.7190847204	1.7211e-24    	6.2988	1000	16.139	1000	11.545	1.1047	0   	0   
67        	81        	1         	L    	-54.7190847204	1.7211e-24    	6.2988	1000	16.139	1000	11.545	1.1047	0   	0   
67        	82        	1         	L    	-54.7190847204	1.7211e-24    	6.2988	1000	16.139	1000	11.545	1.1047	0   	0   
68        	69        	1         	L    	-11.7256636251	8.0837e-06    	2.072	-   	0   	-0  	0   	1000	0   	0   
68        	70        	1         	L    	-11.7256636251	8.0837e-06    	2.072	-   	0   	-0  	0   	1000	0   	0   
68        	71        	1         	L    	-11.7256636251	8.0837e-06    	2.072	-   	0   	-0  	0   	1000	0   	0   
68        	72        	1         	L    	-11.7256636251	8.0837e-06    	2.072	-   	0   	-0  	0   	1000	0   	0   
68        	73        	1         	L    	-11.7256636251	8.0837e-06    	2.072	-   	0   	-0  	0   	1000	0   	0   
68        	74        	1         	L    	-11.7256636251	8.0837e-06    	2.072	-   	0   	-0  	0   	1000	0   	0   
68        	75        	1         	L    	-11.7256636251	8.0837e-06    	2.072	-   	0   	-0  	0   	1000	0   	0   
68        	76        	1         	L    	-11.7256636251	8.0837e-06    	2.072	-   	0   	-0  	0   	1000	0   	0   
68        	77        	1         	L    	-11.7256636251	8.0837e-06    	2.072	-   	0   	-0  	0   	1000	0   	0   
68        	78        	1         	L    	-14.6191684502	4.4769e-07    	1.079	25.898	0   	0   	1.079	1000	0   	0   
69        	70        	1         	L    	-11.7256636251	8.0837e-06    	2.072	-   	0   	-0  	0   	1000	0   	0   
69        	71        	1         	L    	-11.7256636251	8.0837e-06    	2.072	-   	0   	-0  	0   	1000	0   	0   
69        	72        	1         	L    	-11.7256636251	8.0837e-06    	2.072	-   	0   	-0  	0   	1000	0   	0   
69        	73        	1         	L    	-11.7256636251	8.0837e-06    	2.072	-   	0   	-0  	0   	1000	0   	0   
69        	74        	1         	L    	-11.7256636251	8.0837e-06    	2.072	-   	0   	-0  	0   	1000	0   	0   
69        	75        	1         	L    	-11.7256636251	8.0837e-06    	2.072	-   	0   	-0  	0   	1000	0   	0   
69        	76        	1         	L    	-11.7256636251	8.0837e-06    	2.072	-   	0   	-0  	0   	1000	0   	0   
69        	77        	1         	L    	-11.7256636251	8.0837e-06    	2.072	-   	0   	-0  	0   	1000	0   	0   
69        	78        	1         	L    	-14.6191684502	4.4769e-07    	1.079	25.898	0   	0   	1.079	1000	0   	0   
70        	71        	1         	L    	-11.7256636251	8.0837e-06    	2.072	-   	0   	-0  	0   	1000	0   	0   
70        	72        	1         	L    	-11.7256636251	8.0837e-06    	2.072	-   	0   	-0  	0   	1000	0   	0   
70        	73        	1         	L    	-11.7256636251	8.0837e-06    	2.072	-   	0   	-0  	0   	1000	0   	0   
70        	74        	1         	L    	-11.7256636251	8.0837e-06    	2.072	-   	0   	-0  	0   	1000	0   	0   
70        	75        	1         	L    	-11.7256636251	8.0837e-06    	2.072	-   	0   	-0  	0   	1000	0   	0   
70        	76        	1         	L    	-11.7256636251	8.0837e-06    	2.072	-   	0   	-0  	0   	1000	0   	0   
70        	77        	1         	L    	-11.7256636251	8.0837e-06    	2.072	-   	0   	-0  	0   	1000	0   	0   
70        	78        	1         	L    	-14.6191684502	4.4769e-07    	1.079	25.898	0   	0   	1.079	1000	0   	0   
71        	72        	1         	L    	-11.7256636251	8.0837e-06    	2.072	-   	0   	-0  	0   	1000	0   	0   
71        	73        	1         	L    	-11.7256636251	8.0837e-06    	2.072	-   	0   	-0  	0   	1000	0   	0   
71        	74        	1         	L    	-11.7256636251	8.0837e-06    	2.072	-   	0   	-0  	0   	1000	0   	0   
71        	75        	1         	L    	-11.7256636251	8.0837e-06    	2.072	-   	0   	-0  	0   	1000	0   	0   
71        	76        	1         	L    	-11.7256636251	8.0837e-06    	2.072	-   	0   	-0  	0   	1000	0   	0   
71        	77        	1         	L    	-11.7256636251	8.0837e-06    	2.072	-   	0   	-0  	0   	1000	0   	0   
71        	78        	1         	L    	-14.6191684502	4.4769e-07    	1.079	25.898	0   	0   	1.079	1000	0   	0   
72        	73        	1         	L    	-11.7256636251	8.0837e-06    	2.072	-   	0   	-0  	0   	1000	0   	0   
72        	74        	1         	L    	-11.7256636251	8.0837e-06    	2.072	-   	0   	-0  	0   	1000	0   	0   
72        	75        	1         	L    	-11.7256636251	8.0837e-06    	2.072	-   	0   	-0  	0   	1000	0   	0   
72        	76        	1         	L    	-11.7256636251	8.0837e-06    	2.072	-   	0   	-0  	0   	1000	0   	0   
72        	77        	1         	L    	-11.7256636251	8.0837e-06    	2.072	-   	0   	-0  	0   	1000	0   	0   
72        	78        	1         	L    	-14.6191684502	4.4769e-07    	1.079	25.898	0   	0   	1.079	1000	0   	0   
73        	74        	1         	L    	-11.7256636251	8.0837e-06    	2.072	-   	0   	-0  	0   	1000	0   	0   
73        	75        	1         	L    	-11.7256636251	8.0837e-06    	2.072	-   	0   	-0  	0   	1000	0   	0   
73        	76        	1         	L    	-11.7256636251	8.0837e-06    	2.072	-   	0   	-0  	0   	1000	0   	0   
73        	77        	1         	L    	-11.7256636251	8.0837e-06    	2.072	-   	0   	-0  	0   	1000	0   	0   
73        	78        	1         	L    	-14.6191684502	4.4769e-07    	1.079	25.898	0   	0   	1.079	1000	0   	0   
74        	75        	1         	L    	-11.7256636251	8.0837e-06    	2.072	-   	0   	-0  	0   	1000	0   	0   
74        	76        	1         	L    	-11.7256636251	8.0837e-06    	2.072	-   	0   	-0  	0   	1000	0   	0   
74        	77        	1         	L    	-11.7256636251	8.0837e-06    	2.072	-   	0   	-0  	0   	1000	0   	0   
74        	78        	1         	L    	-14.6191684502	4.4769e-07    	1.079	25.898	0   	0   	1.079	1000	0   	0   
75        	76        	1         	L    	-11.7256636251	8.0837e-06    	2.072	-   	0   	-0  	0   	1000	0   	0   
75        	77        	1         	L    	-11.7256636251	8.0837e-06    	2.072	-   	0   	-0  	0   	1000	0   	0   
75        	78        	1         	L    	-14.6191684502	4.4769e-07    	1.079	25.898	0   	0   	1.079	1000	0   	0   
76        	77        	1         	L    	-11.7256636251	8.0837e-06    	2.072	-   	0   	-0  	0   	1000	0   	0   
76        	78        	1         	L    	-14.6191684502	4.4769e-07    	1.079	25.898	0   	0   	1.079	1000	0   	0   
77        	78        	1         	L    	-14.6191684502	4.4769e-07    	1.079	25.898	0   	0   	1.079	1000	0   	0   
79        	80        	1         	L    	-11.4522312178	1.0626e-05    	0   	179.82	0   	0   	2.0186	-   	0   	-0  
79        	81        	1         	L    	-11.4522312178	1.0626e-05    	0   	179.82	0   	0   	2.0186	-   	0   	-0  
79        	82        	1         	L    	-11.4522312178	1.0626e-05    	0   	179.82	0   	0   	2.0186	-   	0   	-0  
79        	83        	1         	L    	-5.8544483321 	0.0028671     	1.0052	-   	0   	-0  	0   	1000	0   	0   
79        	84        	1         	L    	-5.8544483321 	0.0028671     	1.0052	-   	0   	-0  	0   	1000	0   	0   
80        	81        	1         	L    	-10.2959852147	3.3768e-05    	2.0204	-   	0   	-0  	0   	1000	0   	0   
80        	82        	1         	L    	-10.2959852147	3.3768e-05    	2.0204	-   	0   	-0  	0   	1000	0   	0   
80        	83        	1         	L    	-11.4522312178	1.0626e-05    	2.0186	-   	0   	-0  	0   	179.82	0   	0   
80        	84        	1         	L    	-11.4522312178	1.0626e-05    	2.0186	-   	0   	-0  	0   	179.82	0   	0   
80        	103       	1         	L    	-11.4993812865	1.0136e-05    	2.0189	-   	0   	-0  	0   	164.87	0   	0   
81        	82        	1         	L    	-10.2959852147	3.3768e-05    	2.0204	-   	0   	-0  	0   	1000	0   	0   
81        	83        	1         	L    	-11.4522312178	1.0626e-05    	2.0186	-   	0   	-0  	0   	179.82	0   	0   
81        	84        	1         	L    	-11.4522312178	1.0626e-05    	2.0186	-   	0   	-0  	0   	179.82	0   	0   
81        	103       	1         	L    	-11.4993812865	1.0136e-05    	2.0189	-   	0   	-0  	0   	164.87	0   	0   
82        	83        	1         	L    	-11.4522312178	1.0626e-05    	2.0186	-   	0   	-0  	0   	179.82	0   	0   
82        	84        	1         	L    	-11.4522312178	1.0626e-05    	2.0186	-   	0   	-0  	0   	179.82	0   	0   
82        	103       	1         	L    	-11.4993812865	1.0136e-05    	2.0189	-   	0   	-0  	0   	164.87	0   	0   
83        	84        	1         	L    	-5.8544483321 	0.0028671     	1.0052	-   	0   	-0  	0   	1000	0   	0   
85        	86        	1         	L    	-73.2195220428	1.5892e-32    	12.143	1000	9.6059	791.06	3.6585	5.6893	9.8239	15.277
85        	87        	1         	L    	-73.2195220428	1.5892e-32    	12.143	1000	9.6059	791.06	3.6585	5.6893	9.8239	15.277
85        	88        	1         	L    	-61.4068265401	2.1446e-27    	16.17	-   	11.277	-   	0   	1000	0   	1000
26        	86        	1         	L    	-25.5027121303	8.4006e-12    	1.1177	0   	0   	0   	3.3408	1000	9.8914	1000
27        	86        	1         	L    	-25.5027121303	8.4006e-12    	1.1177	0   	0   	0   	3.3408	1000	9.8914	1000
28        	86        	1         	L    	-25.5027121303	8.4006e-12    	1.1177	0   	0   	0   	3.3408	1000	9.8914	1000
86        	87        	1         	L    	-24.5763618097	2.1214e-11    	4.459	-   	9.7152	-   	0   	1000	0   	1000
86        	88        	1         	L    	-73.2195220428	1.5892e-32    	3.6585	5.6893	9.8239	15.277	12.143	1000	9.6059	791.06
26        	87        	1         	L    	-25.5027121303	8.4006e-12    	1.1177	0   	0   	0   	3.3408	1000	9.8914	1000
27        	87        	1         	L    	-25.5027121303	8.4006e-12    	1.1177	0   	0   	0   	3.3408	1000	9.8914	1000
28        	87        	1         	L    	-25.5027121303	8.4006e-12    	1.1177	0   	0   	0   	3.3408	1000	9.8914	1000
87        	88        	1         	L    	-73.2195220428	1.5892e-32    	3.6585	5.6893	9.8239	15.277	12.143	1000	9.6059	791.06
51        	89        	1         	L    	-57.4315862923	1.1423e-25    	11.538	0   	14.037	0   	1.3017	18.22	0   	0   
80        	89        	1         	L    	-27.1408448248	1.6326e-12    	2.1546	0   	0   	0   	3.2318	163.96	0   	0   
81        	89        	1         	L    	-27.1408448248	1.6326e-12    	2.1546	0   	0   	0   	3.2318	163.96	0   	0   
82        	89        	1         	L    	-27.1408448248	1.6326e-12    	2.1546	0   	0   	0   	3.2318	163.96	0   	0   
89        	90        	1         	L    	-20.1858018914	1.7117e-09    	4.2931	-   	0   	-0  	0   	1000	0   	0   
89        	91        	1         	L    	-20.1858018914	1.7117e-09    	4.2931	-   	0   	-0  	0   	1000	0   	0   
89        	92        	1         	L    	-20.1858018914	1.7117e-09    	4.2931	-   	0   	-0  	0   	1000	0   	0   
89        	103       	1         	L    	-21.5591994337	4.3347e-10    	3.2162	1000	0   	0   	1.0721	0   	0   	0   
51        	90        	1         	L    	-57.4315862923	1.1423e-25    	11.538	0   	14.037	0   	1.3017	18.22	0   	0   
80        	90        	1         	L    	-27.1408448248	1.6326e-12    	2.1546	0   	0   	0   	3.2318	163.96	0   	0   
81        	90        	1         	L    	-27.1408448248	1.6326e-12    	2.1546	0   	0   	0   	3.2318	163.96	0   	0   
82        	90        	1         	L    	-27.1408448248	1.6326e-12    	2.1546	0   	0   	0   	3.2318	163.96	0   	0   
90        	91        	1         	L    	-20.1858018914	1.7117e-09    	4.2931	-   	0   	-0  	0   	1000	0   	0   
90        	92        	1         	L    	-20.1858018914	1.7117e-09    	4.2931	-   	0   	-0  	0   	1000	0   	0   
90        	103       	1         	L    	-21.5591994337	4.3347e-10    	3.2162	1000	0   	0   	1.0721	0   	0   	0   
51        	91        	1         	L    	-57.4315862923	1.1423e-25    	11.538	0   	14.037	0   	1.3017	18.22	0   	0   
80        	91        	1         	L    	-27.1408448248	1.6326e-12    	2.1546	0   	0   	0   	3.2318	163.96	0   	0   
81        	91        	1         	L    	-27.1408448248	1.6326e-12    	2.1546	0   	0   	0   	3.2318	163.96	0   	0   
82        	91        	1         	L    	-27.1408448248	1.6326e-12    	2.1546	0   	0   	0   	3.2318	163.96	0   	0   
91        	92        	1         	L    	-20.1858018914	1.7117e-09    	4.2931	-   	0   	-0  	0   	1000	0   	0   
91        	103       	1         	L    	-21.5591994337	4.3347e-10    	3.2162	1000	0   	0   	1.0721	0   	0   	0   
51        	92        	1         	L    	-57.4315862923	1.1423e-25    	11.538	0   	14.037	0   	1.3017	18.22	0   	0   
80        	92        	1         	L    	-27.1408448248	1.6326e-12    	2.1546	0   	0   	0   	3.2318	163.96	0   	0   
81        	92        	1         	L    	-27.1408448248	1.6326e-12    	2.1546	0   	0   	0   	3.2318	163.96	0   	0   
82        	92        	1         	L    	-27.1408448248	1.6326e-12    	2.1546	0   	0   	0   	3.2318	163.96	0   	0   
92        	103       	1         	L    	-21.5591994337	4.3347e-10    	3.2162	1000	0   	0   	1.0721	0   	0   	0   
93        	94        	1         	L    	-18.6611784766	7.8624e-09    	2.3311	-   	50.331	-   	0   	1000	0   	1000
93        	97        	1         	L    	-33.3127204526	3.4078e-15    	1.0566	0   	86.883	0   	2.4183	1000	13.399	1000
93        	98        	1         	L    	-18.6611784766	7.8624e-09    	2.3311	-   	50.331	-   	0   	1000	0   	1000
94        	97        	1         	L    	-33.3127204526	3.4078e-15    	1.0566	0   	86.883	0   	2.4183	1000	13.399	1000
94        	98        	1         	L    	-18.6611784766	7.8624e-09    	2.3311	-   	50.331	-   	0   	1000	0   	1000
95        	100       	1         	L    	-18.6891749008	7.6453e-09    	4.3717	-   	0   	-0  	0   	1000	0   	0   
95        	101       	1         	L    	-18.6891749008	7.6453e-09    	4.3717	-   	0   	-0  	0   	1000	0   	0   
96        	99        	1         	L    	-36.3520706339	1.6312e-16    	4.1259	-   	10.559	-   	0   	1000	0   	1000
96        	102       	1         	L    	-36.3520706339	1.6312e-16    	4.1259	-   	10.559	-   	0   	1000	0   	1000
15        	97        	1         	L    	-72.0379410941	5.1799e-32    	8.8325	0   	43.545	0   	3.3694	50.339	38.423	574.03
97        	98        	1         	L    	-34.1197778063	1.5204e-15    	2.4152	1000	13.445	1000	2.3779	0   	50.625	0   
99        	102       	1         	L    	-36.3520706339	1.6312e-16    	4.1259	-   	10.559	-   	0   	1000	0   	1000
100       	101       	1         	L    	-18.6891749008	7.6453e-09    	4.3717	-   	0   	-0  	0   	1000	0   	0   
26        	104       	1         	L    	-46.7395656480	5.0265e-21    	0   	22.924	0   	0   	9.4682	-   	0   	-0  
27        	104       	1         	L    	-46.7395656480	5.0265e-21    	0   	22.924	0   	0   	9.4682	-   	0   	-0  
28        	104       	1         	L    	-46.7395656480	5.0265e-21    	0   	22.924	0   	0   	9.4682	-   	0   	-0  
89        	105       	1         	L    	-79.3762430774	3.3677e-35    	2.5175	14.266	0   	0   	18.872	0   	5.9292	0   
90        	105       	1         	L    	-79.3762430774	3.3677e-35    	2.5175	14.266	0   	0   	18.872	0   	5.9292	0   
91        	105       	1         	L    	-79.3762430774	3.3677e-35    	2.5175	14.266	0   	0   	18.872	0   	5.9292	0   
92        	105       	1         	L    	-79.3762430774	3.3677e-35    	2.5175	14.266	0   	0   	18.872	0   	5.9292	0   
95        	105       	1         	L    	-77.8766811461	1.5086e-34    	2.573	14.165	0   	0   	19.288	0   	5.9069	0   
96        	105       	1         	L    	-98.7647320368	1.2794e-43    	4.6135	0   	10.529	0   	26.68	17.181	6.1226	3.9428
99        	105       	1         	L    	-98.7647320368	1.2794e-43    	4.6135	0   	10.529	0   	26.68	17.181	6.1226	3.9428
100       	105       	1         	L    	-77.8766811461	1.5086e-34    	2.573	14.165	0   	0   	19.288	0   	5.9069	0   
101       	105       	1         	L    	-77.8766811461	1.5086e-34    	2.573	14.165	0   	0   	19.288	0   	5.9069	0   
102       	105       	1         	L    	-98.7647320368	1.2794e-43    	4.6135	0   	10.529	0   	26.68	17.181	6.1226	3.9428
105       	106       	1         	L    	-66.5752615149	1.221e-29     	18.117	-   	5.8126	-   	0   	1000	0   	1000
105       	107       	1         	L    	-70.9491052484	1.5388e-31    	0.70498	1000	2.5685	1000	16.898	0   	6.0605	0   
105       	108       	1         	L    	-66.5752615149	1.221e-29     	18.117	-   	5.8126	-   	0   	1000	0   	1000
105       	109       	1         	L    	-70.9491052484	1.5388e-31    	0.70498	1000	2.5685	1000	16.898	0   	6.0605	0   
105       	110       	1         	L    	-66.5752615149	1.221e-29     	18.117	-   	5.8126	-   	0   	1000	0   	1000
105       	111       	1         	L    	-66.5752615149	1.221e-29     	18.117	-   	5.8126	-   	0   	1000	0   	1000
89        	106       	1         	L    	-79.3762430774	3.3677e-35    	2.5175	14.266	0   	0   	18.872	0   	5.9292	0   
90        	106       	1         	L    	-79.3762430774	3.3677e-35    	2.5175	14.266	0   	0   	18.872	0   	5.9292	0   
91        	106       	1         	L    	-79.3762430774	3.3677e-35    	2.5175	14.266	0   	0   	18.872	0   	5.9292	0   
92        	106       	1         	L    	-79.3762430774	3.3677e-35    	2.5175	14.266	0   	0   	18.872	0   	5.9292	0   
95        	106       	1         	L    	-77.8766811461	1.5086e-34    	2.573	14.165	0   	0   	19.288	0   	5.9069	0   
96        	106       	1         	L    	-98.7647320368	1.2794e-43    	4.6135	0   	10.529	0   	26.68	17.181	6.1226	3.9428
99        	106       	1         	L    	-98.7647320368	1.2794e-43    	4.6135	0   	10.529	0   	26.68	17.181	6.1226	3.9428
100       	106       	1         	L    	-77.8766811461	1.5086e-34    	2.573	14.165	0   	0   	19.288	0   	5.9069	0   
101       	106       	1         	L    	-77.8766811461	1.5086e-34    	2.573	14.165	0   	0   	19.288	0   	5.9069	0   
102       	106       	1         	L    	-98.7647320368	1.2794e-43    	4.6135	0   	10.529	0   	26.68	17.181	6.1226	3.9428
106       	107       	1         	L    	-70.9491052484	1.5388e-31    	0.70498	1000	2.5685	1000	16.898	0   	6.0605	0   
106       	108       	1         	L    	-66.5752615149	1.221e-29     	18.117	-   	5.8126	-   	0   	1000	0   	1000
106       	109       	1         	L    	-70.9491052484	1.5388e-31    	0.70498	1000	2.5685	1000	16.898	0   	6.0605	0   
106       	110       	1         	L    	-66.5752615149	1.221e-29     	18.117	-   	5.8126	-   	0   	1000	0   	1000
106       	111       	1         	L    	-66.5752615149	1.221e-29     	18.117	-   	5.8126	-   	0   	1000	0   	1000
89        	107       	1         	L    	-77.0023516537	3.6166e-34    	2.4969	14.953	0   	0   	17.47	0   	6.1683	0   
90        	107       	1         	L    	-77.0023516537	3.6166e-34    	2.4969	14.953	0   	0   	17.47	0   	6.1683	0   
91        	107       	1         	L    	-77.0023516537	3.6166e-34    	2.4969	14.953	0   	0   	17.47	0   	6.1683	0   
92        	107       	1         	L    	-77.0023516537	3.6166e-34    	2.4969	14.953	0   	0   	17.47	0   	6.1683	0   
95        	107       	1         	L    	-75.5282361498	1.5794e-33    	2.5515	14.842	0   	0   	17.852	0   	6.144	0   
96        	107       	1         	L    	-96.3556612009	1.4232e-42    	4.4388	0   	10.529	0   	26.644	15.719	6.4179	3.7864
99        	107       	1         	L    	-96.3556612009	1.4232e-42    	4.4388	0   	10.529	0   	26.644	15.719	6.4179	3.7864
100       	107       	1         	L    	-75.5282361498	1.5794e-33    	2.5515	14.842	0   	0   	17.852	0   	6.144	0   
101       	107       	1         	L    	-75.5282361498	1.5794e-33    	2.5515	14.842	0   	0   	17.852	0   	6.144	0   
102       	107       	1         	L    	-96.3556612009	1.4232e-42    	4.4388	0   	10.529	0   	26.644	15.719	6.4179	3.7864
107       	108       	1         	L    	-70.9491052484	1.5388e-31    	16.898	0   	6.0605	0   	0.70498	1000	2.5685	1000
107       	109       	1         	L    	-64.0229590877	1.5674e-28    	16.769	-   	6.0556	-   	0   	1000	0   	1000
107       	110       	1         	L    	-70.9491052484	1.5388e-31    	16.898	0   	6.0605	0   	0.70498	1000	2.5685	1000
107       	111       	1         	L    	-70.9491052484	1.5388e-31    	16.898	0   	6.0605	0   	0.70498	1000	2.5685	1000
89        	108       	1         	L    	-79.3762430774	3.3677e-35    	2.5175	14.266	0   	0   	18.872	0   	5.9292	0   
90        	108       	1         	L    	-79.3762430774	3.3677e-35    	2.5175	14.266	0   	0   	18.872	0   	5.9292	0   
91        	108       	1         	L    	-79.3762430774	3.3677e-35    	2.5175	14.266	0   	0   	18.872	0   	5.9292	0   
92        	108       	1         	L    	-79.3762430774	3.3677e-35    	2.5175	14.266	0   	0   	18.872	0   	5.9292	0   
95        	108       	1         	L    	-77.8766811461	1.5086e-34    	2.573	14.165	0   	0   	19.288	0   	5.9069	0   
96        	108       	1         	L    	-98.7647320368	1.2794e-43    	4.6135	0   	10.529	0   	26.68	17.181	6.1226	3.9428
99        	108       	1         	L    	-98.7647320368	1.2794e-43    	4.6135	0   	10.529	0   	26.68	17.181	6.1226	3.9428
100       	108       	1         	L    	-77.8766811461	1.5086e-34    	2.573	14.165	0   	0   	19.288	0   	5.9069	0   
101       	108       	1         	L    	-77.8766811461	1.5086e-34    	2.573	14.165	0   	0   	19.288	0   	5.9069	0   
102       	108       	1         	L    	-98.7647320368	1.2794e-43    	4.6135	0   	10.529	0   	26.68	17.181	6.1226	3.9428
108       	109       	1         	L    	-70.9491052484	1.5388e-31    	0.70498	1000	2.5685	1000	16.898	0   	6.0605	0   
108       	110       	1         	L    	-66.5752615149	1.221e-29     	18.117	-   	5.8126	-   	0   	1000	0   	1000
108       	111       	1         	L    	-66.5752615149	1.221e-29     	18.117	-   	5.8126	-   	0   	1000	0   	1000
89        	109       	1         	L    	-77.0023516537	3.6166e-34    	2.4969	14.953	0   	0   	17.47	0   	6.1683	0   
90        	109       	1         	L    	-77.0023516537	3.6166e-34    	2.4969	14.953	0   	0   	17.47	0   	6.1683	0   
91        	109       	1         	L    	-77.0023516537	3.6166e-34    	2.4969	14.953	0   	0   	17.47	0   	6.1683	0   
92        	109       	1         	L    	-77.0023516537	3.6166e-34    	2.4969	14.953	0   	0   	17.47	0   	6.1683	0   
95        	109       	1         	L    	-75.5282361498	1.5794e-33    	2.5515	14.842	0   	0   	17.852	0   	6.144	0   
96        	109       	1         	L    	-96.3556612009	1.4232e-42    	4.4388	0   	10.529	0   	26.644	15.719	6.4179	3.7864
99        	109       	1         	L    	-96.3556612009	1.4232e-42    	4.4388	0   	10.529	0   	26.644	15.719	6.4179	3.7864
100       	109       	1         	L    	-75.5282361498	1.5794e-33    	2.5515	14.842	0   	0   	17.852	0   	6.144	0   
101       	109       	1         	L    	-75.5282361498	1.5794e-33    	2.5515	14.842	0   	0   	17.852	0   	6.144	0   
102       	109       	1         	L    	-96.3556612009	1.4232e-42    	4.4388	0   	10.529	0   	26.644	15.719	6.4179	3.7864
109       	110       	1         	L    	-70.9491052484	1.5388e-31    	16.898	0   	6.0605	0   	0.70498	1000	2.5685	1000
109       	111       	1         	L    	-70.9491052484	1.5388e-31    	16.898	0   	6.0605	0   	0.70498	1000	2.5685	1000
89        	110       	1         	L    	-79.3762430774	3.3677e-35    	2.5175	14.266	0   	0   	18.872	0   	5.9292	0   
90        	110       	1         	L    	-79.3762430774	3.3677e-35    	2.5175	14.266	0   	0   	18.872	0   	5.9292	0   
91        	110       	1         	L    	-79.3762430774	3.3677e-35    	2.5175	14.266	0   	0   	18.872	0   	5.9292	0   
92        	110       	1         	L    	-79.3762430774	3.3677e-35    	2.5175	14.266	0   	0   	18.872	0   	5.9292	0   
95        	110       	1         	L    	-77.8766811461	1.5086e-34    	2.573	14.165	0   	0   	19.288	0   	5.9069	0   
96        	110       	1         	L    	-98.7647320368	1.2794e-43    	4.6135	0   	10.529	0   	26.68	17.181	6.1226	3.9428
99        	110       	1         	L    	-98.7647320368	1.2794e-43    	4.6135	0   	10.529	0   	26.68	17.181	6.1226	3.9428
100       	110       	1         	L    	-77.8766811461	1.5086e-34    	2.573	14.165	0   	0   	19.288	0   	5.9069	0   
101       	110       	1         	L    	-77.8766811461	1.5086e-34    	2.573	14.165	0   	0   	19.288	0   	5.9069	0   
102       	110       	1         	L    	-98.7647320368	1.2794e-43    	4.6135	0   	10.529	0   	26.68	17.181	6.1226	3.9428
110       	111       	1         	L    	-66.5752615149	1.221e-29     	18.117	-   	5.8126	-   	0   	1000	0   	1000
89        	111       	1         	L    	-79.3762430774	3.3677e-35    	2.5175	14.266	0   	0   	18.872	0   	5.9292	0   
90        	111       	1         	L    	-79.3762430774	3.3677e-35    	2.5175	14.266	0   	0   	18.872	0   	5.9292	0   
91        	111       	1         	L    	-79.3762430774	3.3677e-35    	2.5175	14.266	0   	0   	18.872	0   	5.9292	0   
92        	111       	1         	L    	-79.3762430774	3.3677e-35    	2.5175	14.266	0   	0   	18.872	0   	5.9292	0   
95        	111       	1         	L    	-77.8766811461	1.5086e-34    	2.573	14.165	0   	0   	19.288	0   	5.9069	0   
96        	111       	1         	L    	-98.7647320368	1.2794e-43    	4.6135	0   	10.529	0   	26.68	17.181	6.1226	3.9428
99        	111       	1         	L    	-98.7647320368	1.2794e-43    	4.6135	0   	10.529	0   	26.68	17.181	6.1226	3.9428
100       	111       	1         	L    	-77.8766811461	1.5086e-34    	2.573	14.165	0   	0   	19.288	0   	5.9069	0   
101       	111       	1         	L    	-77.8766811461	1.5086e-34    	2.573	14.165	0   	0   	19.288	0   	5.9069	0   
102       	111       	1         	L    	-98.7647320368	1.2794e-43    	4.6135	0   	10.529	0   	26.68	17.181	6.1226	3.9428
95        	112       	1         	L    	-121.2764977930	2.1394e-53    	0   	4.3539	0   	0   	3.2372	-   	37.622	-   
100       	112       	1         	L    	-121.2764977930	2.1394e-53    	0   	4.3539	0   	0   	3.2372	-   	37.622	-   
101       	112       	1         	L    	-121.2764977930	2.1394e-53    	0   	4.3539	0   	0   	3.2372	-   	37.622	-   
112       	113       	1         	L    	-130.6772769085	1.7684e-57    	3.2698	2.1134	38.243	24.718	0.25673	1000	9.0446	1000
112       	114       	1         	L    	-153.5391322604	2.0835e-67    	3.2191	2.3321	42.132	30.522	0.70316	1000	52.911	1000
112       	115       	1         	L    	-130.6772769085	1.7684e-57    	3.2698	2.1134	38.243	24.718	0.25673	1000	9.0446	1000
112       	116       	1         	L    	-130.6772769085	1.7684e-57    	3.2698	2.1134	38.243	24.718	0.25673	1000	9.0446	1000
112       	117       	1         	L    	-130.6772769085	1.7684e-57    	3.2698	2.1134	38.243	24.718	0.25673	1000	9.0446	1000
112       	118       	1         	L    	-103.0272400704	1.8023e-45    	1e-07	1000	0.0001	1000	3.2852	-   	37.378	-   
95        	113       	1         	L    	-128.7522850583	1.2123e-56    	0   	4.3544	0   	0   	2.845	-   	47.802	-   
100       	113       	1         	L    	-128.7522850583	1.2123e-56    	0   	4.3544	0   	0   	2.845	-   	47.802	-   
101       	113       	1         	L    	-128.7522850583	1.2123e-56    	0   	4.3544	0   	0   	2.845	-   	47.802	-   
113       	114       	1         	L    	-150.1749925513	6.0232e-66    	2.8231	1.5956	56.343	31.844	0.51546	1000	39.229	1000
113       	115       	1         	L    	-110.5607805360	9.6397e-49    	2.8814	-   	47.477	-   	1e-07	1000	0.0001	1000
113       	116       	1         	L    	-110.5607805360	9.6397e-49    	2.8814	-   	47.477	-   	1e-07	1000	0.0001	1000
113       	117       	1         	L    	-110.5607805360	9.6397e-49    	2.8814	-   	47.477	-   	1e-07	1000	0.0001	1000
113       	118       	1         	L    	-128.8045450379	1.1505e-56    	0.0091723	1000	9.1723	1000	3.2724	2.115	38.23	24.708
44        	114       	1         	L    	-141.4727337703	3.6239e-62    	0   	13.314	0   	21.159	1.7105	-   	98.708	-   
114       	115       	1         	L    	-149.0465747728	1.8616e-65    	0.039885	1000	39.885	1000	2.8226	1.594	56.365	31.829
114       	116       	1         	L    	-149.0465747728	1.8616e-65    	0.039885	1000	39.885	1000	2.8226	1.594	56.365	31.829
114       	117       	1         	L    	-149.0465747728	1.8616e-65    	0.039885	1000	39.885	1000	2.8226	1.594	56.365	31.829
114       	118       	1         	L    	-152.4467053352	6.2121e-67    	0.053818	1000	53.818	1000	3.2181	2.3278	42.161	30.497
95        	115       	1         	L    	-128.7522850583	1.2123e-56    	0   	4.3544	0   	0   	2.845	-   	47.802	-   
100       	115       	1         	L    	-128.7522850583	1.2123e-56    	0   	4.3544	0   	0   	2.845	-   	47.802	-   
101       	115       	1         	L    	-128.7522850583	1.2123e-56    	0   	4.3544	0   	0   	2.845	-   	47.802	-   
115       	116       	1         	L    	-110.5607805360	9.6397e-49    	2.8814	-   	47.477	-   	1e-07	1000	0.0001	1000
115       	117       	1         	L    	-110.5607805360	9.6397e-49    	2.8814	-   	47.477	-   	1e-07	1000	0.0001	1000
115       	118       	1         	L    	-128.8045450379	1.1505e-56    	0.0091723	1000	9.1723	1000	3.2724	2.115	38.23	24.708
95        	116       	1         	L    	-128.7522850583	1.2123e-56    	0   	4.3544	0   	0   	2.845	-   	47.802	-   
100       	116       	1         	L    	-128.7522850583	1.2123e-56    	0   	4.3544	0   	0   	2.845	-   	47.802	-   
101       	116       	1         	L    	-128.7522850583	1.2123e-56    	0   	4.3544	0   	0   	2.845	-   	47.802	-   
116       	117       	1         	L    	-110.5607805360	9.6397e-49    	2.8814	-   	47.477	-   	1e-07	1000	0.0001	1000
116       	118       	1         	L    	-128.8045450379	1.1505e-56    	0.0091723	1000	9.1723	1000	3.2724	2.115	38.23	24.708
95        	117       	1         	L    	-128.7522850583	1.2123e-56    	0   	4.3544	0   	0   	2.845	-   	47.802	-   
100       	117       	1         	L    	-128.7522850583	1.2123e-56    	0   	4.3544	0   	0   	2.845	-   	47.802	-   
101       	117       	1         	L    	-128.7522850583	1.2123e-56    	0   	4.3544	0   	0   	2.845	-   	47.802	-   
117       	118       	1         	L    	-128.8045450379	1.1505e-56    	0.0091723	1000	9.1723	1000	3.2724	2.115	38.23	24.708
95        	118       	1         	L    	-121.2764977930	2.1394e-53    	0   	4.3539	0   	0   	3.2372	-   	37.622	-   
100       	118       	1         	L    	-121.2764977930	2.1394e-53    	0   	4.3539	0   	0   	3.2372	-   	37.622	-   
101       	118       	1         	L    	-121.2764977930	2.1394e-53    	0   	4.3539	0   	0   	3.2372	-   	37.622	-   
119       	120       	1         	L    	-9.9391118433 	4.825e-05     	2.0289	-   	0   	-0  	0   	1000	0   	0   
119       	121       	1         	L    	-9.9391118433 	4.825e-05     	2.0289	-   	0   	-0  	0   	1000	0   	0   
119       	122       	1         	L    	-9.9391118433 	4.825e-05     	2.0289	-   	0   	-0  	0   	1000	0   	0   
119       	123       	1         	L    	-9.9391118433 	4.825e-05     	2.0289	-   	0   	-0  	0   	1000	0   	0   
119       	124       	1         	L    	-9.9391118433 	4.825e-05     	2.0289	-   	0   	-0  	0   	1000	0   	0   
119       	125       	1         	L    	-9.9391118433 	4.825e-05     	2.0289	-   	0   	-0  	0   	1000	0   	0   
119       	126       	1         	L    	-9.9391118433 	4.825e-05     	2.0289	-   	0   	-0  	0   	1000	0   	0   
119       	127       	1         	L    	-9.9391118433 	4.825e-05     	2.0289	-   	0   	-0  	0   	1000	0   	0   
120       	121       	1         	L    	-9.9391118433 	4.825e-05     	2.0289	-   	0   	-0  	0   	1000	0   	0   
120       	122       	1         	L    	-9.9391118433 	4.825e-05     	2.0289	-   	0   	-0  	0   	1000	0   	0   
120       	123       	1         	L    	-9.9391118433 	4.825e-05     	2.0289	-   	0   	-0  	0   	1000	0   	0   
120       	124       	1         	L    	-9.9391118433 	4.825e-05     	2.0289	-   	0   	-0  	0   	1000	0   	0   
120       	125       	1         	L    	-9.9391118433 	4.825e-05     	2.0289	-   	0   	-0  	0   	1000	0   	0   
120       	126       	1         	L    	-9.9391118433 	4.825e-05     	2.0289	-   	0   	-0  	0   	1000	0   	0   
120       	127       	1         	L    	-9.9391118433 	4.825e-05     	2.0289	-   	0   	-0  	0   	1000	0   	0   
121       	122       	1         	L    	-9.9391118433 	4.825e-05     	2.0289	-   	0   	-0  	0   	1000	0   	0   
121       	123       	1         	L    	-9.9391118433 	4.825e-05     	2.0289	-   	0   	-0  	0   	1000	0   	0   
121       	124       	1         	L    	-9.9391118433 	4.825e-05     	2.0289	-   	0   	-0  	0   	1000	0   	0   
121       	125       	1         	L    	-9.9391118433 	4.825e-05     	2.0289	-   	0   	-0  	0   	1000	0   	0   
121       	126       	1         	L    	-9.9391118433 	4.825e-05     	2.0289	-   	0   	-0  	0   	1000	0   	0   
121       	127       	1         	L    	-9.9391118433 	4.825e-05     	2.0289	-   	0   	-0  	0   	1000	0   	0   
122       	123       	1         	L    	-9.9391118433 	4.825e-05     	2.0289	-   	0   	-0  	0   	1000	0   	0   
122       	124       	1         	L    	-9.9391118433 	4.825e-05     	2.0289	-   	0   	-0  	0   	1000	0   	0   
122       	125       	1         	L    	-9.9391118433 	4.825e-05     	2.0289	-   	0   	-0  	0   	1000	0   	0   
122       	126       	1         	L    	-9.9391118433 	4.825e-05     	2.0289	-   	0   	-0  	0   	1000	0   	0   
122       	127       	1         	L    	-9.9391118433 	4.825e-05     	2.0289	-   	0   	-0  	0   	1000	0   	0   
123       	124       	1         	L    	-9.9391118433 	4.825e-05     	2.0289	-   	0   	-0  	0   	1000	0   	0   
123       	125       	1         	L    	-9.9391118433 	4.825e-05     	2.0289	-   	0   	-0  	0   	1000	0   	0   
123       	126       	1         	L    	-9.9391118433 	4.825e-05     	2.0289	-   	0   	-0  	0   	1000	0   	0   
123       	127       	1         	L    	-9.9391118433 	4.825e-05     	2.0289	-   	0   	-0  	0   	1000	0   	0   
124       	125       	1         	L    	-9.9391118433 	4.825e-05     	2.0289	-   	0   	-0  	0   	1000	0   	0   
124       	126       	1         	L    	-9.9391118433 	4.825e-05     	2.0289	-   	0   	-0  	0   	1000	0   	0   
124       	127       	1         	L    	-9.9391118433 	4.825e-05     	2.0289	-   	0   	-0  	0   	1000	0   	0   
125       	126       	1         	L    	-9.9391118433 	4.825e-05     	2.0289	-   	0   	-0  	0   	1000	0   	0   
125       	127       	1         	L    	-9.9391118433 	4.825e-05     	2.0289	-   	0   	-0  	0   	1000	0   	0   
126       	127       	1         	L    	-9.9391118433 	4.825e-05     	2.0289	-   	0   	-0  	0   	1000	0   	0   
