source	target	interaction	Weight
4	21	ia	3.29225954572623
4	43	ia	2.10851829616048
4	60	ia	1.85980632142137
4	95	ia	2.23017974223641
4	100	ia	2.23017974223641
4	101	ia	2.23017974223641
7	8	IA	9.24687675531829
7	16	ib	2.69550947222651
7	23	ib	2.73945162736302
7	24	ib	2.73945162736302
7	45	ib	2.73945162736302
7	47	ib	2.73945162736302
8	16	ib	2.23995467203419
8	22	ib	5.86012091359876
8	23	ib	2.28408018256642
8	24	ib	2.28408018256642
8	44	ib	6.54287537369659
8	45	ib	2.28408018256642
8	47	ib	2.28408018256642
8	51	ia	1.84254323186577
11	16	ib	2.93666664104825
11	22	ia	9.35300846252288
11	23	ib	2.98046831546874
11	24	ib	2.98046831546874
11	44	ia	8.81304366453459
11	45	ib	2.98046831546874
11	46	ia	5.72862312810593
11	47	ib	2.98046831546874
12	13	ib	2.2429837652687
12	15	ib	2.22069217241641
12	43	ib	2.2429837652687
12	63	ia	3.06268275223751
12	64	ia	3.06268275223751
12	65	ia	3.06268275223751
12	66	ia	3.06268275223751
12	67	ia	3.06268275223751
13	15	ib	14.096801452957
13	16	ia	4.26066503980392
13	23	ib	2.68006156001969
13	24	ib	2.68006156001969
13	43	ia	5.87909718238547
13	44	ia	2.089802630034
13	45	ib	2.68006156001969
13	47	ib	2.68006156001969
15	16	ia	4.78015361397564
15	23	ib	2.6272720591144
15	24	ib	2.6272720591144
15	43	ia	3.6066003047069
15	45	ib	2.6272720591144
15	47	ib	2.6272720591144
15	97	iI	2.54166437400805
16	22	ia	2.58335949266172
16	23	ia	4.09761631556753
16	24	ia	4.09761631556753
16	43	ia	2.93666664104825
16	44	ia	2.5145625189237
16	45	ia	4.09761631556753
16	47	ia	4.09761631556753
21	43	ia	2.10851829616048
21	60	ia	1.85980632142137
21	95	ia	2.23017974223641
21	100	ia	2.23017974223641
21	101	ia	2.23017974223641
22	23	ib	2.6272720591144
22	24	ib	2.6272720591144
22	44	ia	16.9531148091623
22	45	ib	2.6272720591144
22	46	ib	1.87975520445363
22	47	ib	2.6272720591144
22	60	ia	2.61083391563547
23	24	ia	4.14056146454494
23	43	ia	2.98046831546874
23	44	ia	2.53655496822957
23	45	ia	4.14056146454494
23	47	ia	4.14056146454494
24	43	ia	2.98046831546874
24	44	ia	2.53655496822957
24	45	ia	4.14056146454494
24	47	ia	4.14056146454494
26	27	ia	3.29447838657733
26	28	ia	3.29447838657733
26	86	ia	2.11081038795293
26	87	ia	2.11081038795293
26	104	ib	1.90868484030278
27	28	ia	3.29447838657733
27	86	ia	2.11081038795293
27	87	ia	2.11081038795293
27	104	ib	1.90868484030278
28	86	ia	2.11081038795293
28	87	ia	2.11081038795293
28	104	ib	1.90868484030278
43	45	ib	2.98046831546874
43	47	ib	2.98046831546874
44	45	ib	2.53655496822957
44	46	ia	1.58922276662279
44	47	ib	2.53655496822957
44	60	ia	2.36471736200179
44	114	iI	13.6250684460218
45	47	ia	4.14056146454494
46	114	iI	13.3785121354194
48	49	ia	30.5307672574934
48	50	ia	30.5307672574934
49	50	ia	30.5744657795017
51	89	ia	1.91328433605512
51	90	ia	1.91328433605512
51	91	ia	1.91328433605512
51	92	ia	1.91328433605512
57	58	ia	3.43297363384094
57	60	ia	2.00771164620291
58	60	ia	2.00771164620291
59	112	iI	3.00235154510379
59	113	iI	4.48399376961395
59	115	iI	4.48399376961395
59	116	iI	4.48399376961395
59	117	iI	4.48399376961395
59	118	iI	3.00235154510379
61	62	ia	3.06560255921901
61	78	ia	2.41060897686307
62	78	ia	2.41060897686307
63	64	ia	24.8554257923904
63	65	ia	24.8554257923904
63	66	ia	24.8554257923904
63	67	ia	24.8554257923904
63	80	IL	1.90903692340427
63	81	IL	1.90903692340427
63	82	IL	1.90903692340427
64	65	ia	24.8554257923904
64	66	ia	24.8554257923904
64	67	ia	24.8554257923904
64	80	IL	1.90903692340427
64	81	IL	1.90903692340427
64	82	IL	1.90903692340427
65	66	ia	24.8554257923904
65	67	ia	24.8554257923904
65	80	IL	1.90903692340427
65	81	IL	1.90903692340427
65	82	IL	1.90903692340427
66	67	ia	24.8554257923904
66	80	IL	1.90903692340427
66	81	IL	1.90903692340427
66	82	IL	1.90903692340427
67	80	IL	1.90903692340427
67	81	IL	1.90903692340427
67	82	IL	1.90903692340427
68	69	ia	5.98171569157347
68	70	ia	5.98171569157347
68	71	ia	5.98171569157347
68	72	ia	5.98171569157347
68	73	ia	5.98171569157347
68	74	ia	5.98171569157347
68	75	ia	5.98171569157347
68	76	ia	5.98171569157347
68	77	ia	5.98171569157347
68	78	ib	3.49566508819754
69	70	ia	5.98171569157347
69	71	ia	5.98171569157347
69	72	ia	5.98171569157347
69	73	ia	5.98171569157347
69	74	ia	5.98171569157347
69	75	ia	5.98171569157347
69	76	ia	5.98171569157347
69	77	ia	5.98171569157347
69	78	ib	3.49566508819754
70	71	ia	5.98171569157347
70	72	ia	5.98171569157347
70	73	ia	5.98171569157347
70	74	ia	5.98171569157347
70	75	ia	5.98171569157347
70	76	ia	5.98171569157347
70	77	ia	5.98171569157347
70	78	ib	3.49566508819754
71	72	ia	5.98171569157347
71	73	ia	5.98171569157347
71	74	ia	5.98171569157347
71	75	ia	5.98171569157347
71	76	ia	5.98171569157347
71	77	ia	5.98171569157347
71	78	ib	3.49566508819754
72	73	ia	5.98171569157347
72	74	ia	5.98171569157347
72	75	ia	5.98171569157347
72	76	ia	5.98171569157347
72	77	ia	5.98171569157347
72	78	ib	3.49566508819754
73	74	ia	5.98171569157347
73	75	ia	5.98171569157347
73	76	ia	5.98171569157347
73	77	ia	5.98171569157347
73	78	ib	3.49566508819754
74	75	ia	5.98171569157347
74	76	ia	5.98171569157347
74	77	ia	5.98171569157347
74	78	ib	3.49566508819754
75	76	ia	5.98171569157347
75	77	ia	5.98171569157347
75	78	ib	3.49566508819754
76	77	ia	5.98171569157347
76	78	ib	3.49566508819754
77	78	ib	3.49566508819754
79	80	ib	2.82246350007014
79	81	ib	2.82246350007014
79	82	ib	2.82246350007014
79	83	ia	3.41839163396794
79	84	ia	3.41839163396794
80	81	ia	5.6643415477107
80	82	ia	5.6643415477107
80	83	ia	2.82246350007014
80	84	ia	2.82246350007014
80	89	ia	1.71737788712194
80	90	ia	1.71737788712194
80	91	ia	1.71737788712194
80	92	ia	1.71737788712194
80	103	ia	2.79317412396815
81	82	ia	5.6643415477107
81	83	ia	2.82246350007014
81	84	ia	2.82246350007014
81	89	ia	1.71737788712194
81	90	ia	1.71737788712194
81	91	ia	1.71737788712194
81	92	ia	1.71737788712194
81	103	ia	2.79317412396815
82	83	ia	2.82246350007014
82	84	ia	2.82246350007014
82	89	ia	1.71737788712194
82	90	ia	1.71737788712194
82	91	ia	1.71737788712194
82	92	ia	1.71737788712194
82	103	ia	2.79317412396815
83	84	ia	3.41839163396794
85	86	ib	4.83297820420974
85	87	ib	4.83297820420974
85	88	ia	27.3215726775661
86	87	ia	11.9438577379409
86	88	ia	4.83297820420974
87	88	ia	4.83297820420974
89	90	ia	10.1469104701481
89	91	ia	10.1469104701481
89	92	ia	10.1469104701481
89	103	ib	2.35418488170336
90	91	ia	10.1469104701481
90	92	ia	10.1469104701481
90	103	ib	2.35418488170336
91	92	ia	10.1469104701481
91	103	ib	2.35418488170336
92	103	ib	2.35418488170336
93	94	IA	8.95428594105913
93	97	IA	8.17535358528165
93	98	IA	8.95428594105913
94	97	IA	8.17535358528165
94	98	IA	8.95428594105913
95	100	ia	9.7594507517174
95	101	ia	9.7594507517174
95	112	iI	2.93741801577184
95	113	iI	4.4263163069062
95	115	iI	4.4263163069062
95	116	iI	4.4263163069062
95	117	iI	4.4263163069062
95	118	iI	2.93741801577184
96	99	ia	18.5638373529592
96	102	ia	18.5638373529592
97	98	IB	7.81559251458768
99	102	ia	18.5638373529592
100	101	ia	9.7594507517174
100	112	iI	2.93741801577184
100	113	iI	4.4263163069062
100	115	iI	4.4263163069062
100	116	iI	4.4263163069062
100	117	iI	4.4263163069062
100	118	iI	2.93741801577184
101	112	iI	2.93741801577184
101	113	iI	4.4263163069062
101	115	iI	4.4263163069062
101	116	iI	4.4263163069062
101	117	iI	4.4263163069062
101	118	iI	2.93741801577184
105	106	ia	29.6895191085373
105	107	ib	26.7384992268017
105	108	ia	29.6895191085373
105	109	ib	26.7384992268017
105	110	ia	29.6895191085373
105	111	ia	29.6895191085373
106	107	ib	26.7384992268017
106	108	ia	29.6895191085373
106	109	ib	26.7384992268017
106	110	ia	29.6895191085373
106	111	ia	29.6895191085373
107	108	ia	26.7384992268017
107	109	ia	28.37202001017
107	110	ia	26.7384992268017
107	111	ia	26.7384992268017
108	109	ib	26.7384992268017
108	110	ia	29.6895191085373
108	111	ia	29.6895191085373
109	110	ia	26.7384992268017
109	111	ia	26.7384992268017
110	111	ia	29.6895191085373
112	113	IA	43.4793854781218
112	114	IA	24.7915586435614
112	115	IA	43.4793854781218
112	116	IA	43.4793854781218
112	117	IA	43.4793854781218
112	118	IA	52.7059749059047
113	114	IA	31.0810789099087
113	115	IA	57.4753442876422
113	116	IA	57.4753442876422
113	117	IA	57.4753442876422
113	118	IB	44.2968806537639
114	115	IB	31.5070999888913
114	116	IB	31.5070999888913
114	117	IB	31.5070999888913
114	118	IB	25.3019864960608
115	116	IA	57.4753442876422
115	117	IA	57.4753442876422
115	118	IB	44.2968806537639
116	117	IA	57.4753442876422
116	118	IB	44.2968806537639
117	118	IB	44.2968806537639
119	120	ia	5.53820144247489
119	121	ia	5.53820144247489
119	122	ia	5.53820144247489
119	123	ia	5.53820144247489
119	124	ia	5.53820144247489
119	125	ia	5.53820144247489
119	126	ia	5.53820144247489
119	127	ia	5.53820144247489
120	121	ia	5.53820144247489
120	122	ia	5.53820144247489
120	123	ia	5.53820144247489
120	124	ia	5.53820144247489
120	125	ia	5.53820144247489
120	126	ia	5.53820144247489
120	127	ia	5.53820144247489
121	122	ia	5.53820144247489
121	123	ia	5.53820144247489
121	124	ia	5.53820144247489
121	125	ia	5.53820144247489
121	126	ia	5.53820144247489
121	127	ia	5.53820144247489
122	123	ia	5.53820144247489
122	124	ia	5.53820144247489
122	125	ia	5.53820144247489
122	126	ia	5.53820144247489
122	127	ia	5.53820144247489
123	124	ia	5.53820144247489
123	125	ia	5.53820144247489
123	126	ia	5.53820144247489
123	127	ia	5.53820144247489
124	125	ia	5.53820144247489
124	126	ia	5.53820144247489
124	127	ia	5.53820144247489
125	126	ia	5.53820144247489
125	127	ia	5.53820144247489
126	127	ia	5.53820144247489
