Event1    	Event2    	Tree      	Model	lnML          	ML            	mu1 	mu1star	nu1 	nu1star	mu2 	mu2star	nu2 	nu2star
4         	21        	1         	l    	-5.5219717694 	0.003998      	1   	-   	1   	-   	0   	1000	0   	1000
4         	95        	1         	l    	-20.6007748443	1.1303e-09    	1.056	0   	1.056	0   	3.0027	1000	3.0027	1000
4         	100       	1         	l    	-20.6007748443	1.1303e-09    	1.056	0   	1.056	0   	3.0027	1000	3.0027	1000
4         	101       	1         	l    	-20.6007748443	1.1303e-09    	1.056	0   	1.056	0   	3.0027	1000	3.0027	1000
7         	8         	1         	l    	-112.6466365382	1.1973e-49    	7.9176	8.6286	7.9176	8.6286	13.062	1000	13.062	1000
7         	22        	1         	l    	-76.4297514210	6.4118e-34    	9.4278	0   	9.4278	0   	7.8109	28.897	7.8109	28.897
7         	23        	1         	l    	-43.2682741051	1.6174e-19    	7.0002	1000	7.0002	1000	1.1238	0   	1.1238	0   
7         	24        	1         	l    	-43.2682741051	1.6174e-19    	7.0002	1000	7.0002	1000	1.1238	0   	1.1238	0   
7         	43        	1         	l    	-64.5753631119	9.0214e-29    	6.4372	29.49	6.4372	29.49	5.6133	0   	5.6133	0   
7         	44        	1         	l    	-81.1218363123	5.8781e-36    	9.5833	0   	9.5833	0   	10.043	28.879	10.043	28.879
7         	45        	1         	l    	-43.2682741051	1.6174e-19    	7.0002	1000	7.0002	1000	1.1238	0   	1.1238	0   
7         	47        	1         	l    	-43.2682741051	1.6174e-19    	7.0002	1000	7.0002	1000	1.1238	0   	1.1238	0   
8         	22        	1         	l    	-121.6657436815	1.4496e-53    	10.077	102.96	10.077	102.96	11.834	0   	11.834	0   
8         	43        	1         	l    	-117.9849139687	5.7518e-52    	17.731	72.634	17.731	72.634	6.2118	0   	6.2118	0   
8         	44        	1         	l    	-125.0182073798	5.0732e-55    	9.0431	104.03	9.0431	104.03	14.072	0   	14.072	0   
8         	51        	1         	l    	-130.8217044814	1.5306e-57    	20.694	12.219	20.694	12.219	8.7153	48.736	8.7153	48.736
11        	22        	1         	l    	-50.4633754262	1.2135e-22    	5.3652	0   	5.3652	0   	5.0151	1000	5.0151	1000
11        	23        	1         	l    	-32.4670218263	7.9387e-15    	4.0001	1000	4.0001	1000	1.1065	0   	1.1065	0   
11        	24        	1         	l    	-32.4670218263	7.9387e-15    	4.0001	1000	4.0001	1000	1.1065	0   	1.1065	0   
11        	44        	1         	l    	-56.0044692764	4.7596e-25    	5.4453	0   	5.4453	0   	7.0211	1000	7.0211	1000
11        	45        	1         	l    	-32.4670218263	7.9387e-15    	4.0001	1000	4.0001	1000	1.1065	0   	1.1065	0   
11        	46        	1         	l    	-51.3676341518	4.9127e-23    	4.4193	10.54	4.4193	10.54	5.011	1000	5.011	1000
11        	47        	1         	l    	-32.4670218263	7.9387e-15    	4.0001	1000	4.0001	1000	1.1065	0   	1.1065	0   
12        	13        	1         	l    	-92.8320132526	4.8258e-41    	11.006	1000	11.006	1000	14.185	8.149	14.185	8.149
12        	15        	1         	l    	-94.0542615016	1.4215e-41    	11.007	1000	11.007	1000	24.975	7.9556	24.975	7.9556
12        	43        	1         	l    	-74.9682753049	2.765e-33     	11.006	1000	11.006	1000	12.73	3.5592	12.73	3.5592
12        	63        	1         	l    	-95.5484794339	3.1902e-42    	13.011	6.4696	13.011	6.4696	8.7962	66.285	8.7962	66.285
12        	64        	1         	l    	-95.5484794339	3.1902e-42    	13.011	6.4696	13.011	6.4696	8.7962	66.285	8.7962	66.285
12        	65        	1         	l    	-95.5484794339	3.1902e-42    	13.011	6.4696	13.011	6.4696	8.7962	66.285	8.7962	66.285
12        	66        	1         	l    	-95.5484794339	3.1902e-42    	13.011	6.4696	13.011	6.4696	8.7962	66.285	8.7962	66.285
12        	67        	1         	l    	-95.5484794339	3.1902e-42    	13.011	6.4696	13.011	6.4696	8.7962	66.285	8.7962	66.285
13        	15        	1         	l    	-62.8831186427	4.9001e-28    	1.0078	1000	1.0078	1000	10.314	0   	10.314	0   
13        	43        	1         	l    	-60.9039130820	3.5462e-27    	8.2095	39.189	8.2095	39.189	1.0273	150.75	1.0273	150.75
13        	44        	1         	l    	-84.2112394118	2.6762e-37    	10.49	0   	10.49	0   	9.3306	84.668	9.3306	84.668
15        	43        	1         	l    	-68.5695654059	1.6619e-30    	9.5318	17.922	9.5318	17.922	2.0701	88.575	2.0701	88.575
7         	16        	1         	l    	-60.3724157919	6.0338e-27    	7.0009	1000	7.0009	1000	3.3718	0   	3.3718	0   
8         	16        	1         	l    	-114.6412395150	1.6291e-50    	19.002	1000	19.002	1000	3.8779	0   	3.8779	0   
11        	16        	1         	l    	-49.6025652075	2.87e-22      	4.0005	1000	4.0005	1000	3.3196	0   	3.3196	0   
13        	16        	1         	l    	-62.6783733688	6.0135e-28    	8.0003	1000	8.0003	1000	1.0708	30.253	1.0708	30.253
15        	16        	1         	l    	-64.5104565861	9.6264e-29    	10  	-   	10  	-   	0   	68.147	0   	68.147
16        	22        	1         	l    	-62.8140514359	5.2505e-28    	3.5897	0   	3.5897	0   	9.0011	1000	9.0011	1000
16        	23        	1         	l    	-30.5446894965	5.4276e-14    	3   	-   	3   	-   	0   	1000	0   	1000
16        	24        	1         	l    	-30.5446894965	5.4276e-14    	3   	-   	3   	-   	0   	1000	0   	1000
16        	43        	1         	l    	-50.3442345061	1.367e-22     	3.2225	0   	3.2225	0   	4.0005	1000	4.0005	1000
16        	44        	1         	l    	-67.6885116843	4.011e-30     	2.431	5.6399	2.431	5.6399	11.001	1000	11.001	1000
16        	45        	1         	l    	-30.5446894965	5.4276e-14    	3   	-   	3   	-   	0   	1000	0   	1000
16        	47        	1         	l    	-30.5446894965	5.4276e-14    	3   	-   	3   	-   	0   	1000	0   	1000
21        	95        	1         	l    	-20.6007748443	1.1303e-09    	1.056	0   	1.056	0   	3.0027	1000	3.0027	1000
21        	100       	1         	l    	-20.6007748443	1.1303e-09    	1.056	0   	1.056	0   	3.0027	1000	3.0027	1000
21        	101       	1         	l    	-20.6007748443	1.1303e-09    	1.056	0   	1.056	0   	3.0027	1000	3.0027	1000
22        	44        	1         	l    	-54.0488355171	3.3643e-24    	10.14	0   	10.14	0   	2.0151	1000	2.0151	1000
22        	46        	1         	l    	-72.0442596178	5.1473e-32    	6.6721	39.708	6.6721	39.708	8.5863	0   	8.5863	0   
22        	60        	1         	l    	-72.8227002809	2.3632e-32    	10.84	0   	10.84	0   	4.3749	46.681	4.3749	46.681
8         	23        	1         	l    	-97.8177357421	3.2984e-43    	19.001	1000	19.001	1000	1.2923	0   	1.2923	0   
13        	23        	1         	l    	-48.9381017880	5.5777e-22    	8.0003	1000	8.0003	1000	1.0723	0   	1.0723	0   
15        	23        	1         	l    	-51.8663318004	2.9836e-23    	9.0003	1000	9.0003	1000	1.0493	0   	1.0493	0   
22        	23        	1         	l    	-45.8352610196	1.2416e-20    	9.0003	1000	9.0003	1000	1.1963	0   	1.1963	0   
23        	24        	1         	l    	-13.2063335447	1.8389e-06    	1   	-   	1   	-   	0   	1000	0   	1000
23        	43        	1         	l    	-33.1493278787	4.0126e-15    	1.0741	0   	1.0741	0   	4.0001	1000	4.0001	1000
23        	44        	1         	l    	-50.4119861988	1.2775e-22    	1.2162	0   	1.2162	0   	11  	1000	11  	1000
23        	45        	1         	l    	-13.2063335447	1.8389e-06    	1   	-   	1   	-   	0   	1000	0   	1000
23        	47        	1         	l    	-13.2063335447	1.8389e-06    	1   	-   	1   	-   	0   	1000	0   	1000
8         	24        	1         	l    	-97.8177357421	3.2984e-43    	19.001	1000	19.001	1000	1.2923	0   	1.2923	0   
13        	24        	1         	l    	-48.9381017880	5.5777e-22    	8.0003	1000	8.0003	1000	1.0723	0   	1.0723	0   
15        	24        	1         	l    	-51.8663318004	2.9836e-23    	9.0003	1000	9.0003	1000	1.0493	0   	1.0493	0   
22        	24        	1         	l    	-45.8352610196	1.2416e-20    	9.0003	1000	9.0003	1000	1.1963	0   	1.1963	0   
24        	43        	1         	l    	-33.1493278787	4.0126e-15    	1.0741	0   	1.0741	0   	4.0001	1000	4.0001	1000
24        	44        	1         	l    	-50.4119861988	1.2775e-22    	1.2162	0   	1.2162	0   	11  	1000	11  	1000
24        	45        	1         	l    	-13.2063335447	1.8389e-06    	1   	-   	1   	-   	0   	1000	0   	1000
24        	47        	1         	l    	-13.2063335447	1.8389e-06    	1   	-   	1   	-   	0   	1000	0   	1000
26        	27        	1         	l    	-5.5276600264 	0.0039753     	1   	-   	1   	-   	0   	1000	0   	1000
26        	28        	1         	l    	-5.5276600264 	0.0039753     	1   	-   	1   	-   	0   	1000	0   	1000
27        	28        	1         	l    	-5.5276600264 	0.0039753     	1   	-   	1   	-   	0   	1000	0   	1000
4         	43        	1         	l    	-30.2532024692	7.2644e-14    	1.0403	0   	1.0403	0   	4.0037	1000	4.0037	1000
21        	43        	1         	l    	-30.2532024692	7.2644e-14    	1.0403	0   	1.0403	0   	4.0037	1000	4.0037	1000
22        	43        	1         	l    	-66.4613892236	1.3683e-29    	8.3519	47.568	8.3519	47.568	5.7738	0   	5.7738	0   
43        	44        	1         	l    	-71.1005490623	1.3226e-31    	5.8666	0   	5.8666	0   	10.44	47.43	10.44	47.43
43        	45        	1         	l    	-33.1493278787	4.0126e-15    	4.0001	1000	4.0001	1000	1.0741	0   	1.0741	0   
43        	47        	1         	l    	-33.1493278787	4.0126e-15    	4.0001	1000	4.0001	1000	1.0741	0   	1.0741	0   
44        	46        	1         	l    	-77.0236375665	3.5405e-34    	8.8968	39.681	8.8968	39.681	8.715	0   	8.715	0   
44        	60        	1         	l    	-77.5798357700	2.03e-34      	13.008	0   	13.008	0   	4.4396	40.399	4.4396	40.399
8         	45        	1         	l    	-97.8177357421	3.2984e-43    	19.001	1000	19.001	1000	1.2923	0   	1.2923	0   
13        	45        	1         	l    	-48.9381017880	5.5777e-22    	8.0003	1000	8.0003	1000	1.0723	0   	1.0723	0   
15        	45        	1         	l    	-51.8663318004	2.9836e-23    	9.0003	1000	9.0003	1000	1.0493	0   	1.0493	0   
22        	45        	1         	l    	-45.8352610196	1.2416e-20    	9.0003	1000	9.0003	1000	1.1963	0   	1.1963	0   
44        	45        	1         	l    	-50.4119861988	1.2775e-22    	11  	1000	11  	1000	1.2162	0   	1.2162	0   
45        	47        	1         	l    	-13.2063335447	1.8389e-06    	1   	-   	1   	-   	0   	1000	0   	1000
46        	114       	1         	l    	-162.2925316072	3.2904e-71    	0   	8.7063	0   	8.7063	42  	-   	42  	-   
8         	47        	1         	l    	-97.8177357421	3.2984e-43    	19.001	1000	19.001	1000	1.2923	0   	1.2923	0   
13        	47        	1         	l    	-48.9381017880	5.5777e-22    	8.0003	1000	8.0003	1000	1.0723	0   	1.0723	0   
15        	47        	1         	l    	-51.8663318004	2.9836e-23    	9.0003	1000	9.0003	1000	1.0493	0   	1.0493	0   
22        	47        	1         	l    	-45.8352610196	1.2416e-20    	9.0003	1000	9.0003	1000	1.1963	0   	1.1963	0   
44        	47        	1         	l    	-50.4119861988	1.2775e-22    	11  	1000	11  	1000	1.2162	0   	1.2162	0   
48        	49        	1         	l    	-88.8821081763	2.5061e-39    	18  	-   	18  	-   	1e-07	1000	1e-07	1000
48        	50        	1         	l    	-88.8821081763	2.5061e-39    	18  	-   	18  	-   	1e-07	1000	1e-07	1000
48        	119       	1         	l    	-86.1116496988	4.0012e-38    	18  	-   	18  	-   	0   	2.222	0   	2.222
48        	120       	1         	l    	-86.1116496988	4.0012e-38    	18  	-   	18  	-   	0   	2.222	0   	2.222
48        	121       	1         	l    	-86.1116496988	4.0012e-38    	18  	-   	18  	-   	0   	2.222	0   	2.222
48        	122       	1         	l    	-86.1116496988	4.0012e-38    	18  	-   	18  	-   	0   	2.222	0   	2.222
48        	123       	1         	l    	-86.1116496988	4.0012e-38    	18  	-   	18  	-   	0   	2.222	0   	2.222
48        	124       	1         	l    	-86.1116496988	4.0012e-38    	18  	-   	18  	-   	0   	2.222	0   	2.222
48        	125       	1         	l    	-86.1116496988	4.0012e-38    	18  	-   	18  	-   	0   	2.222	0   	2.222
48        	126       	1         	l    	-86.1116496988	4.0012e-38    	18  	-   	18  	-   	0   	2.222	0   	2.222
48        	127       	1         	l    	-86.1116496988	4.0012e-38    	18  	-   	18  	-   	0   	2.222	0   	2.222
49        	50        	1         	l    	-83.1454522734	7.7694e-37    	17  	-   	17  	-   	1e-07	1000	1e-07	1000
49        	119       	1         	l    	-80.4751442214	1.1222e-35    	17  	-   	17  	-   	0   	2.222	0   	2.222
49        	120       	1         	l    	-80.4751442214	1.1222e-35    	17  	-   	17  	-   	0   	2.222	0   	2.222
49        	121       	1         	l    	-80.4751442214	1.1222e-35    	17  	-   	17  	-   	0   	2.222	0   	2.222
49        	122       	1         	l    	-80.4751442214	1.1222e-35    	17  	-   	17  	-   	0   	2.222	0   	2.222
49        	123       	1         	l    	-80.4751442214	1.1222e-35    	17  	-   	17  	-   	0   	2.222	0   	2.222
49        	124       	1         	l    	-80.4751442214	1.1222e-35    	17  	-   	17  	-   	0   	2.222	0   	2.222
49        	125       	1         	l    	-80.4751442214	1.1222e-35    	17  	-   	17  	-   	0   	2.222	0   	2.222
49        	126       	1         	l    	-80.4751442214	1.1222e-35    	17  	-   	17  	-   	0   	2.222	0   	2.222
49        	127       	1         	l    	-80.4751442214	1.1222e-35    	17  	-   	17  	-   	0   	2.222	0   	2.222
50        	119       	1         	l    	-80.4751442214	1.1222e-35    	17  	-   	17  	-   	0   	2.222	0   	2.222
50        	120       	1         	l    	-80.4751442214	1.1222e-35    	17  	-   	17  	-   	0   	2.222	0   	2.222
50        	121       	1         	l    	-80.4751442214	1.1222e-35    	17  	-   	17  	-   	0   	2.222	0   	2.222
50        	122       	1         	l    	-80.4751442214	1.1222e-35    	17  	-   	17  	-   	0   	2.222	0   	2.222
50        	123       	1         	l    	-80.4751442214	1.1222e-35    	17  	-   	17  	-   	0   	2.222	0   	2.222
50        	124       	1         	l    	-80.4751442214	1.1222e-35    	17  	-   	17  	-   	0   	2.222	0   	2.222
50        	125       	1         	l    	-80.4751442214	1.1222e-35    	17  	-   	17  	-   	0   	2.222	0   	2.222
50        	126       	1         	l    	-80.4751442214	1.1222e-35    	17  	-   	17  	-   	0   	2.222	0   	2.222
50        	127       	1         	l    	-80.4751442214	1.1222e-35    	17  	-   	17  	-   	0   	2.222	0   	2.222
57        	58        	1         	l    	-5.9002396364 	0.0027388     	1   	-   	1   	-   	0   	1000	0   	1000
59        	85        	1         	l    	-130.2777942889	2.6368e-57    	17.197	0   	17.197	0   	7.4727	18.378	7.4727	18.378
59        	88        	1         	l    	-130.2777942889	2.6368e-57    	17.197	0   	17.197	0   	7.4727	18.378	7.4727	18.378
59        	112       	1         	l    	-176.0000505317	3.6656e-77    	18.13	13.168	18.13	13.168	15.441	67.318	15.441	67.318
59        	113       	1         	l    	-185.3401065630	3.2197e-81    	18.603	12.124	18.603	12.124	18.781	84.45	18.781	84.45
59        	115       	1         	l    	-185.3401065630	3.2197e-81    	18.603	12.124	18.603	12.124	18.781	84.45	18.781	84.45
59        	116       	1         	l    	-185.3401065630	3.2197e-81    	18.603	12.124	18.603	12.124	18.781	84.45	18.781	84.45
59        	117       	1         	l    	-185.3401065630	3.2197e-81    	18.603	12.124	18.603	12.124	18.781	84.45	18.781	84.45
59        	118       	1         	l    	-176.0000505317	3.6656e-77    	18.13	13.168	18.13	13.168	15.441	67.318	15.441	67.318
4         	60        	1         	l    	-39.3327518469	8.2795e-18    	1.1613	0   	1.1613	0   	7.0064	1000	7.0064	1000
21        	60        	1         	l    	-39.3327518469	8.2795e-18    	1.1613	0   	1.1613	0   	7.0064	1000	7.0064	1000
57        	60        	1         	l    	-39.3543060244	8.1029e-18    	1.1809	0   	1.1809	0   	7.0061	1000	7.0061	1000
58        	60        	1         	l    	-39.3543060244	8.1029e-18    	1.1809	0   	1.1809	0   	7.0061	1000	7.0061	1000
61        	62        	1         	l    	-4.9631917210 	0.0069906     	1   	-   	1   	-   	0   	1000	0   	1000
61        	78        	1         	l    	-12.1118952621	5.4938e-06    	1.0273	0   	1.0273	0   	1.0009	1000	1.0009	1000
62        	78        	1         	l    	-12.1118952621	5.4938e-06    	1.0273	0   	1.0273	0   	1.0009	1000	1.0009	1000
44        	63        	1         	l    	-94.2240763283	1.1995e-41    	4.6557	14.009	4.6557	14.009	14.001	0   	14.001	0   
63        	64        	1         	l    	-51.1561307673	6.0698e-23    	14  	-   	14  	-   	0   	1000	0   	1000
63        	65        	1         	l    	-51.1561307673	6.0698e-23    	14  	-   	14  	-   	0   	1000	0   	1000
63        	66        	1         	l    	-51.1561307673	6.0698e-23    	14  	-   	14  	-   	0   	1000	0   	1000
63        	67        	1         	l    	-51.1561307673	6.0698e-23    	14  	-   	14  	-   	0   	1000	0   	1000
63        	80        	1         	l    	-55.7241747564	6.2994e-25    	13.011	1000	13.011	1000	10.557	1.1046	10.557	1.1046
63        	81        	1         	l    	-55.7241747564	6.2994e-25    	13.011	1000	13.011	1000	10.557	1.1046	10.557	1.1046
63        	82        	1         	l    	-55.7241747564	6.2994e-25    	13.011	1000	13.011	1000	10.557	1.1046	10.557	1.1046
44        	64        	1         	l    	-94.2240763283	1.1995e-41    	4.6557	14.009	4.6557	14.009	14.001	0   	14.001	0   
64        	65        	1         	l    	-51.1561307673	6.0698e-23    	14  	-   	14  	-   	0   	1000	0   	1000
64        	66        	1         	l    	-51.1561307673	6.0698e-23    	14  	-   	14  	-   	0   	1000	0   	1000
64        	67        	1         	l    	-51.1561307673	6.0698e-23    	14  	-   	14  	-   	0   	1000	0   	1000
64        	80        	1         	l    	-55.7241747564	6.2994e-25    	13.011	1000	13.011	1000	10.557	1.1046	10.557	1.1046
64        	81        	1         	l    	-55.7241747564	6.2994e-25    	13.011	1000	13.011	1000	10.557	1.1046	10.557	1.1046
64        	82        	1         	l    	-55.7241747564	6.2994e-25    	13.011	1000	13.011	1000	10.557	1.1046	10.557	1.1046
44        	65        	1         	l    	-94.2240763283	1.1995e-41    	4.6557	14.009	4.6557	14.009	14.001	0   	14.001	0   
65        	66        	1         	l    	-51.1561307673	6.0698e-23    	14  	-   	14  	-   	0   	1000	0   	1000
65        	67        	1         	l    	-51.1561307673	6.0698e-23    	14  	-   	14  	-   	0   	1000	0   	1000
65        	80        	1         	l    	-55.7241747564	6.2994e-25    	13.011	1000	13.011	1000	10.557	1.1046	10.557	1.1046
65        	81        	1         	l    	-55.7241747564	6.2994e-25    	13.011	1000	13.011	1000	10.557	1.1046	10.557	1.1046
65        	82        	1         	l    	-55.7241747564	6.2994e-25    	13.011	1000	13.011	1000	10.557	1.1046	10.557	1.1046
44        	66        	1         	l    	-94.2240763283	1.1995e-41    	4.6557	14.009	4.6557	14.009	14.001	0   	14.001	0   
66        	67        	1         	l    	-51.1561307673	6.0698e-23    	14  	-   	14  	-   	0   	1000	0   	1000
66        	80        	1         	l    	-55.7241747564	6.2994e-25    	13.011	1000	13.011	1000	10.557	1.1046	10.557	1.1046
66        	81        	1         	l    	-55.7241747564	6.2994e-25    	13.011	1000	13.011	1000	10.557	1.1046	10.557	1.1046
66        	82        	1         	l    	-55.7241747564	6.2994e-25    	13.011	1000	13.011	1000	10.557	1.1046	10.557	1.1046
44        	67        	1         	l    	-94.2240763283	1.1995e-41    	4.6557	14.009	4.6557	14.009	14.001	0   	14.001	0   
67        	80        	1         	l    	-55.7241747564	6.2994e-25    	13.011	1000	13.011	1000	10.557	1.1046	10.557	1.1046
67        	81        	1         	l    	-55.7241747564	6.2994e-25    	13.011	1000	13.011	1000	10.557	1.1046	10.557	1.1046
67        	82        	1         	l    	-55.7241747564	6.2994e-25    	13.011	1000	13.011	1000	10.557	1.1046	10.557	1.1046
68        	69        	1         	l    	-11.7963729103	7.5318e-06    	2   	-   	2   	-   	0   	1000	0   	1000
68        	70        	1         	l    	-11.7963729103	7.5318e-06    	2   	-   	2   	-   	0   	1000	0   	1000
68        	71        	1         	l    	-11.7963729103	7.5318e-06    	2   	-   	2   	-   	0   	1000	0   	1000
68        	72        	1         	l    	-11.7963729103	7.5318e-06    	2   	-   	2   	-   	0   	1000	0   	1000
68        	73        	1         	l    	-11.7963729103	7.5318e-06    	2   	-   	2   	-   	0   	1000	0   	1000
68        	74        	1         	l    	-11.7963729103	7.5318e-06    	2   	-   	2   	-   	0   	1000	0   	1000
68        	75        	1         	l    	-11.7963729103	7.5318e-06    	2   	-   	2   	-   	0   	1000	0   	1000
68        	76        	1         	l    	-11.7963729103	7.5318e-06    	2   	-   	2   	-   	0   	1000	0   	1000
68        	77        	1         	l    	-11.7963729103	7.5318e-06    	2   	-   	2   	-   	0   	1000	0   	1000
68        	78        	1         	l    	-14.7313547963	4.0018e-07    	1.0401	25.914	1.0401	25.914	1.0005	1000	1.0005	1000
69        	70        	1         	l    	-11.7963729103	7.5318e-06    	2   	-   	2   	-   	0   	1000	0   	1000
69        	71        	1         	l    	-11.7963729103	7.5318e-06    	2   	-   	2   	-   	0   	1000	0   	1000
69        	72        	1         	l    	-11.7963729103	7.5318e-06    	2   	-   	2   	-   	0   	1000	0   	1000
69        	73        	1         	l    	-11.7963729103	7.5318e-06    	2   	-   	2   	-   	0   	1000	0   	1000
69        	74        	1         	l    	-11.7963729103	7.5318e-06    	2   	-   	2   	-   	0   	1000	0   	1000
69        	75        	1         	l    	-11.7963729103	7.5318e-06    	2   	-   	2   	-   	0   	1000	0   	1000
69        	76        	1         	l    	-11.7963729103	7.5318e-06    	2   	-   	2   	-   	0   	1000	0   	1000
69        	77        	1         	l    	-11.7963729103	7.5318e-06    	2   	-   	2   	-   	0   	1000	0   	1000
69        	78        	1         	l    	-14.7313547963	4.0018e-07    	1.0401	25.914	1.0401	25.914	1.0005	1000	1.0005	1000
70        	71        	1         	l    	-11.7963729103	7.5318e-06    	2   	-   	2   	-   	0   	1000	0   	1000
70        	72        	1         	l    	-11.7963729103	7.5318e-06    	2   	-   	2   	-   	0   	1000	0   	1000
70        	73        	1         	l    	-11.7963729103	7.5318e-06    	2   	-   	2   	-   	0   	1000	0   	1000
70        	74        	1         	l    	-11.7963729103	7.5318e-06    	2   	-   	2   	-   	0   	1000	0   	1000
70        	75        	1         	l    	-11.7963729103	7.5318e-06    	2   	-   	2   	-   	0   	1000	0   	1000
70        	76        	1         	l    	-11.7963729103	7.5318e-06    	2   	-   	2   	-   	0   	1000	0   	1000
70        	77        	1         	l    	-11.7963729103	7.5318e-06    	2   	-   	2   	-   	0   	1000	0   	1000
70        	78        	1         	l    	-14.7313547963	4.0018e-07    	1.0401	25.914	1.0401	25.914	1.0005	1000	1.0005	1000
71        	72        	1         	l    	-11.7963729103	7.5318e-06    	2   	-   	2   	-   	0   	1000	0   	1000
71        	73        	1         	l    	-11.7963729103	7.5318e-06    	2   	-   	2   	-   	0   	1000	0   	1000
71        	74        	1         	l    	-11.7963729103	7.5318e-06    	2   	-   	2   	-   	0   	1000	0   	1000
71        	75        	1         	l    	-11.7963729103	7.5318e-06    	2   	-   	2   	-   	0   	1000	0   	1000
71        	76        	1         	l    	-11.7963729103	7.5318e-06    	2   	-   	2   	-   	0   	1000	0   	1000
71        	77        	1         	l    	-11.7963729103	7.5318e-06    	2   	-   	2   	-   	0   	1000	0   	1000
71        	78        	1         	l    	-14.7313547963	4.0018e-07    	1.0401	25.914	1.0401	25.914	1.0005	1000	1.0005	1000
72        	73        	1         	l    	-11.7963729103	7.5318e-06    	2   	-   	2   	-   	0   	1000	0   	1000
72        	74        	1         	l    	-11.7963729103	7.5318e-06    	2   	-   	2   	-   	0   	1000	0   	1000
72        	75        	1         	l    	-11.7963729103	7.5318e-06    	2   	-   	2   	-   	0   	1000	0   	1000
72        	76        	1         	l    	-11.7963729103	7.5318e-06    	2   	-   	2   	-   	0   	1000	0   	1000
72        	77        	1         	l    	-11.7963729103	7.5318e-06    	2   	-   	2   	-   	0   	1000	0   	1000
72        	78        	1         	l    	-14.7313547963	4.0018e-07    	1.0401	25.914	1.0401	25.914	1.0005	1000	1.0005	1000
73        	74        	1         	l    	-11.7963729103	7.5318e-06    	2   	-   	2   	-   	0   	1000	0   	1000
73        	75        	1         	l    	-11.7963729103	7.5318e-06    	2   	-   	2   	-   	0   	1000	0   	1000
73        	76        	1         	l    	-11.7963729103	7.5318e-06    	2   	-   	2   	-   	0   	1000	0   	1000
73        	77        	1         	l    	-11.7963729103	7.5318e-06    	2   	-   	2   	-   	0   	1000	0   	1000
73        	78        	1         	l    	-14.7313547963	4.0018e-07    	1.0401	25.914	1.0401	25.914	1.0005	1000	1.0005	1000
74        	75        	1         	l    	-11.7963729103	7.5318e-06    	2   	-   	2   	-   	0   	1000	0   	1000
74        	76        	1         	l    	-11.7963729103	7.5318e-06    	2   	-   	2   	-   	0   	1000	0   	1000
74        	77        	1         	l    	-11.7963729103	7.5318e-06    	2   	-   	2   	-   	0   	1000	0   	1000
74        	78        	1         	l    	-14.7313547963	4.0018e-07    	1.0401	25.914	1.0401	25.914	1.0005	1000	1.0005	1000
75        	76        	1         	l    	-11.7963729103	7.5318e-06    	2   	-   	2   	-   	0   	1000	0   	1000
75        	77        	1         	l    	-11.7963729103	7.5318e-06    	2   	-   	2   	-   	0   	1000	0   	1000
75        	78        	1         	l    	-14.7313547963	4.0018e-07    	1.0401	25.914	1.0401	25.914	1.0005	1000	1.0005	1000
76        	77        	1         	l    	-11.7963729103	7.5318e-06    	2   	-   	2   	-   	0   	1000	0   	1000
76        	78        	1         	l    	-14.7313547963	4.0018e-07    	1.0401	25.914	1.0401	25.914	1.0005	1000	1.0005	1000
77        	78        	1         	l    	-14.7313547963	4.0018e-07    	1.0401	25.914	1.0401	25.914	1.0005	1000	1.0005	1000
79        	80        	1         	l    	-11.4706914014	1.0431e-05    	0   	180.51	0   	180.51	2   	-   	2   	-   
79        	81        	1         	l    	-11.4706914014	1.0431e-05    	0   	180.51	0   	180.51	2   	-   	2   	-   
79        	82        	1         	l    	-11.4706914014	1.0431e-05    	0   	180.51	0   	180.51	2   	-   	2   	-   
79        	83        	1         	l    	-5.8596533857 	0.0028522     	1   	-   	1   	-   	0   	1000	0   	1000
79        	84        	1         	l    	-5.8596533857 	0.0028522     	1   	-   	1   	-   	0   	1000	0   	1000
80        	81        	1         	l    	-10.3162448085	3.3091e-05    	2   	-   	2   	-   	0   	1000	0   	1000
80        	82        	1         	l    	-10.3162448085	3.3091e-05    	2   	-   	2   	-   	0   	1000	0   	1000
80        	83        	1         	l    	-11.4706914014	1.0431e-05    	2   	-   	2   	-   	0   	180.51	0   	180.51
80        	84        	1         	l    	-11.4706914014	1.0431e-05    	2   	-   	2   	-   	0   	180.51	0   	180.51
80        	103       	1         	l    	-11.5181558384	9.9478e-06    	2   	-   	2   	-   	0   	165.42	0   	165.42
81        	82        	1         	l    	-10.3162448085	3.3091e-05    	2   	-   	2   	-   	0   	1000	0   	1000
81        	83        	1         	l    	-11.4706914014	1.0431e-05    	2   	-   	2   	-   	0   	180.51	0   	180.51
81        	84        	1         	l    	-11.4706914014	1.0431e-05    	2   	-   	2   	-   	0   	180.51	0   	180.51
81        	103       	1         	l    	-11.5181558384	9.9478e-06    	2   	-   	2   	-   	0   	165.42	0   	165.42
82        	83        	1         	l    	-11.4706914014	1.0431e-05    	2   	-   	2   	-   	0   	180.51	0   	180.51
82        	84        	1         	l    	-11.4706914014	1.0431e-05    	2   	-   	2   	-   	0   	180.51	0   	180.51
82        	103       	1         	l    	-11.5181558384	9.9478e-06    	2   	-   	2   	-   	0   	165.42	0   	165.42
83        	84        	1         	l    	-5.8596533857 	0.0028522     	1   	-   	1   	-   	0   	1000	0   	1000
85        	86        	1         	l    	-73.5812591738	1.1068e-32    	11.024	1000	11.024	1000	4.6258	5.6906	4.6258	5.6906
85        	87        	1         	l    	-73.5812591738	1.1068e-32    	11.024	1000	11.024	1000	4.6258	5.6906	4.6258	5.6906
85        	88        	1         	l    	-64.4796523207	9.9276e-29    	14  	-   	14  	-   	0   	1000	0   	1000
26        	86        	1         	l    	-25.8726317285	5.8031e-12    	1.1078	0   	1.1078	0   	4.0036	1000	4.0036	1000
27        	86        	1         	l    	-25.8726317285	5.8031e-12    	1.1078	0   	1.1078	0   	4.0036	1000	4.0036	1000
28        	86        	1         	l    	-25.8726317285	5.8031e-12    	1.1078	0   	1.1078	0   	4.0036	1000	4.0036	1000
86        	87        	1         	l    	-24.9465598456	1.465e-11     	5   	-   	5   	-   	0   	1000	0   	1000
86        	88        	1         	l    	-73.5812591738	1.1068e-32    	4.6258	5.6906	4.6258	5.6906	11.024	1000	11.024	1000
26        	87        	1         	l    	-25.8726317285	5.8031e-12    	1.1078	0   	1.1078	0   	4.0036	1000	4.0036	1000
27        	87        	1         	l    	-25.8726317285	5.8031e-12    	1.1078	0   	1.1078	0   	4.0036	1000	4.0036	1000
28        	87        	1         	l    	-25.8726317285	5.8031e-12    	1.1078	0   	1.1078	0   	4.0036	1000	4.0036	1000
87        	88        	1         	l    	-73.5812591738	1.1068e-32    	4.6258	5.6906	4.6258	5.6906	11.024	1000	11.024	1000
51        	89        	1         	l    	-57.7466339524	8.336e-26     	12.076	0   	12.076	0   	1.2141	17.01	1.2141	17.01
80        	89        	1         	l    	-27.3658286197	1.3037e-12    	2.1329	0   	2.1329	0   	3.0184	164.41	3.0184	164.41
81        	89        	1         	l    	-27.3658286197	1.3037e-12    	2.1329	0   	2.1329	0   	3.0184	164.41	3.0184	164.41
82        	89        	1         	l    	-27.3658286197	1.3037e-12    	2.1329	0   	2.1329	0   	3.0184	164.41	3.0184	164.41
89        	90        	1         	l    	-20.4685952361	1.29e-09      	4   	-   	4   	-   	0   	1000	0   	1000
89        	91        	1         	l    	-20.4685952361	1.29e-09      	4   	-   	4   	-   	0   	1000	0   	1000
89        	92        	1         	l    	-20.4685952361	1.29e-09      	4   	-   	4   	-   	0   	1000	0   	1000
89        	103       	1         	l    	-21.7705116520	3.509e-10     	3.0026	1000	3.0026	1000	1.0664	0   	1.0664	0   
51        	90        	1         	l    	-57.7466339524	8.336e-26     	12.076	0   	12.076	0   	1.2141	17.01	1.2141	17.01
80        	90        	1         	l    	-27.3658286197	1.3037e-12    	2.1329	0   	2.1329	0   	3.0184	164.41	3.0184	164.41
81        	90        	1         	l    	-27.3658286197	1.3037e-12    	2.1329	0   	2.1329	0   	3.0184	164.41	3.0184	164.41
82        	90        	1         	l    	-27.3658286197	1.3037e-12    	2.1329	0   	2.1329	0   	3.0184	164.41	3.0184	164.41
90        	91        	1         	l    	-20.4685952361	1.29e-09      	4   	-   	4   	-   	0   	1000	0   	1000
90        	92        	1         	l    	-20.4685952361	1.29e-09      	4   	-   	4   	-   	0   	1000	0   	1000
90        	103       	1         	l    	-21.7705116520	3.509e-10     	3.0026	1000	3.0026	1000	1.0664	0   	1.0664	0   
51        	91        	1         	l    	-57.7466339524	8.336e-26     	12.076	0   	12.076	0   	1.2141	17.01	1.2141	17.01
80        	91        	1         	l    	-27.3658286197	1.3037e-12    	2.1329	0   	2.1329	0   	3.0184	164.41	3.0184	164.41
81        	91        	1         	l    	-27.3658286197	1.3037e-12    	2.1329	0   	2.1329	0   	3.0184	164.41	3.0184	164.41
82        	91        	1         	l    	-27.3658286197	1.3037e-12    	2.1329	0   	2.1329	0   	3.0184	164.41	3.0184	164.41
91        	92        	1         	l    	-20.4685952361	1.29e-09      	4   	-   	4   	-   	0   	1000	0   	1000
91        	103       	1         	l    	-21.7705116520	3.509e-10     	3.0026	1000	3.0026	1000	1.0664	0   	1.0664	0   
51        	92        	1         	l    	-57.7466339524	8.336e-26     	12.076	0   	12.076	0   	1.2141	17.01	1.2141	17.01
80        	92        	1         	l    	-27.3658286197	1.3037e-12    	2.1329	0   	2.1329	0   	3.0184	164.41	3.0184	164.41
81        	92        	1         	l    	-27.3658286197	1.3037e-12    	2.1329	0   	2.1329	0   	3.0184	164.41	3.0184	164.41
82        	92        	1         	l    	-27.3658286197	1.3037e-12    	2.1329	0   	2.1329	0   	3.0184	164.41	3.0184	164.41
92        	103       	1         	l    	-21.7705116520	3.509e-10     	3.0026	1000	3.0026	1000	1.0664	0   	1.0664	0   
93        	94        	1         	l    	-28.6927716856	3.4585e-13    	4   	-   	4   	-   	0   	1000	0   	1000
93        	97        	1         	l    	-42.7015972679	2.8506e-19    	4.0789	0   	4.0789	0   	3.0046	1000	3.0046	1000
93        	98        	1         	l    	-28.6927716856	3.4585e-13    	4   	-   	4   	-   	0   	1000	0   	1000
94        	97        	1         	l    	-42.7015972679	2.8506e-19    	4.0789	0   	4.0789	0   	3.0046	1000	3.0046	1000
94        	98        	1         	l    	-28.6927716856	3.4585e-13    	4   	-   	4   	-   	0   	1000	0   	1000
95        	100       	1         	l    	-19.0444064408	5.3594e-09    	4   	-   	4   	-   	0   	1000	0   	1000
95        	101       	1         	l    	-19.0444064408	5.3594e-09    	4   	-   	4   	-   	0   	1000	0   	1000
96        	99        	1         	l    	-39.1342051075	1.0098e-17    	9   	-   	9   	-   	0   	1000	0   	1000
96        	102       	1         	l    	-39.1342051075	1.0098e-17    	9   	-   	9   	-   	0   	1000	0   	1000
15        	97        	1         	l    	-78.5553677787	7.6531e-35    	10.509	0   	10.509	0   	5.21	49.626	5.21	49.626
97        	98        	1         	l    	-42.7015972679	2.8506e-19    	3.0046	1000	3.0046	1000	4.0789	0   	4.0789	0   
99        	102       	1         	l    	-39.1342051075	1.0098e-17    	9   	-   	9   	-   	0   	1000	0   	1000
100       	101       	1         	l    	-19.0444064408	5.3594e-09    	4   	-   	4   	-   	0   	1000	0   	1000
26        	104       	1         	l    	-47.1953187465	3.1866e-21    	0   	22.975	0   	22.975	9   	-   	9   	-   
27        	104       	1         	l    	-47.1953187465	3.1866e-21    	0   	22.975	0   	22.975	9   	-   	9   	-   
28        	104       	1         	l    	-47.1953187465	3.1866e-21    	0   	22.975	0   	22.975	9   	-   	9   	-   
89        	105       	1         	l    	-80.4178231298	1.1885e-35    	2.3261	14.266	2.3261	14.266	16.606	0   	16.606	0   
90        	105       	1         	l    	-80.4178231298	1.1885e-35    	2.3261	14.266	2.3261	14.266	16.606	0   	16.606	0   
91        	105       	1         	l    	-80.4178231298	1.1885e-35    	2.3261	14.266	2.3261	14.266	16.606	0   	16.606	0   
92        	105       	1         	l    	-80.4178231298	1.1885e-35    	2.3261	14.266	2.3261	14.266	16.606	0   	16.606	0   
95        	105       	1         	l    	-79.0107394876	4.8537e-35    	2.3299	14.126	2.3299	14.126	16.895	0   	16.895	0   
96        	105       	1         	l    	-100.0269201884	3.6213e-44    	9.1361	0   	9.1361	0   	12.425	17.138	12.425	17.138
99        	105       	1         	l    	-100.0269201884	3.6213e-44    	9.1361	0   	9.1361	0   	12.425	17.138	12.425	17.138
100       	105       	1         	l    	-79.0107394876	4.8537e-35    	2.3299	14.126	2.3299	14.126	16.895	0   	16.895	0   
101       	105       	1         	l    	-79.0107394876	4.8537e-35    	2.3299	14.126	2.3299	14.126	16.895	0   	16.895	0   
102       	105       	1         	l    	-100.0269201884	3.6213e-44    	9.1361	0   	9.1361	0   	12.425	17.138	12.425	17.138
105       	106       	1         	l    	-68.6251119379	1.5721e-30    	16  	-   	16  	-   	0   	1000	0   	1000
105       	107       	1         	l    	-72.0431771589	5.1528e-32    	1.0098	1000	1.0098	1000	15.098	0   	15.098	0   
105       	108       	1         	l    	-68.6251119379	1.5721e-30    	16  	-   	16  	-   	0   	1000	0   	1000
105       	109       	1         	l    	-72.0431771589	5.1528e-32    	1.0098	1000	1.0098	1000	15.098	0   	15.098	0   
105       	110       	1         	l    	-68.6251119379	1.5721e-30    	16  	-   	16  	-   	0   	1000	0   	1000
105       	111       	1         	l    	-68.6251119379	1.5721e-30    	16  	-   	16  	-   	0   	1000	0   	1000
89        	106       	1         	l    	-80.4178231298	1.1885e-35    	2.3261	14.266	2.3261	14.266	16.606	0   	16.606	0   
90        	106       	1         	l    	-80.4178231298	1.1885e-35    	2.3261	14.266	2.3261	14.266	16.606	0   	16.606	0   
91        	106       	1         	l    	-80.4178231298	1.1885e-35    	2.3261	14.266	2.3261	14.266	16.606	0   	16.606	0   
92        	106       	1         	l    	-80.4178231298	1.1885e-35    	2.3261	14.266	2.3261	14.266	16.606	0   	16.606	0   
95        	106       	1         	l    	-79.0107394876	4.8537e-35    	2.3299	14.126	2.3299	14.126	16.895	0   	16.895	0   
96        	106       	1         	l    	-100.0269201884	3.6213e-44    	9.1361	0   	9.1361	0   	12.425	17.138	12.425	17.138
99        	106       	1         	l    	-100.0269201884	3.6213e-44    	9.1361	0   	9.1361	0   	12.425	17.138	12.425	17.138
100       	106       	1         	l    	-79.0107394876	4.8537e-35    	2.3299	14.126	2.3299	14.126	16.895	0   	16.895	0   
101       	106       	1         	l    	-79.0107394876	4.8537e-35    	2.3299	14.126	2.3299	14.126	16.895	0   	16.895	0   
102       	106       	1         	l    	-100.0269201884	3.6213e-44    	9.1361	0   	9.1361	0   	12.425	17.138	12.425	17.138
106       	107       	1         	l    	-72.0431771589	5.1528e-32    	1.0098	1000	1.0098	1000	15.098	0   	15.098	0   
106       	108       	1         	l    	-68.6251119379	1.5721e-30    	16  	-   	16  	-   	0   	1000	0   	1000
106       	109       	1         	l    	-72.0431771589	5.1528e-32    	1.0098	1000	1.0098	1000	15.098	0   	15.098	0   
106       	110       	1         	l    	-68.6251119379	1.5721e-30    	16  	-   	16  	-   	0   	1000	0   	1000
106       	111       	1         	l    	-68.6251119379	1.5721e-30    	16  	-   	16  	-   	0   	1000	0   	1000
89        	107       	1         	l    	-77.8428115847	1.5606e-34    	2.3088	14.953	2.3088	14.953	15.568	0   	15.568	0   
90        	107       	1         	l    	-77.8428115847	1.5606e-34    	2.3088	14.953	2.3088	14.953	15.568	0   	15.568	0   
91        	107       	1         	l    	-77.8428115847	1.5606e-34    	2.3088	14.953	2.3088	14.953	15.568	0   	15.568	0   
92        	107       	1         	l    	-77.8428115847	1.5606e-34    	2.3088	14.953	2.3088	14.953	15.568	0   	15.568	0   
95        	107       	1         	l    	-76.4539396268	6.2586e-34    	2.3125	14.8	2.3125	14.8	15.839	0   	15.839	0   
96        	107       	1         	l    	-97.5751506112	4.2039e-43    	9.1361	0   	9.1361	0   	12.77	15.685	12.77	15.685
99        	107       	1         	l    	-97.5751506112	4.2039e-43    	9.1361	0   	9.1361	0   	12.77	15.685	12.77	15.685
100       	107       	1         	l    	-76.4539396268	6.2586e-34    	2.3125	14.8	2.3125	14.8	15.839	0   	15.839	0   
101       	107       	1         	l    	-76.4539396268	6.2586e-34    	2.3125	14.8	2.3125	14.8	15.839	0   	15.839	0   
102       	107       	1         	l    	-97.5751506112	4.2039e-43    	9.1361	0   	9.1361	0   	12.77	15.685	12.77	15.685
107       	108       	1         	l    	-72.0431771589	5.1528e-32    	15.098	0   	15.098	0   	1.0098	1000	1.0098	1000
107       	109       	1         	l    	-65.8762314767	2.4565e-29    	15  	-   	15  	-   	0   	1000	0   	1000
107       	110       	1         	l    	-72.0431771589	5.1528e-32    	15.098	0   	15.098	0   	1.0098	1000	1.0098	1000
107       	111       	1         	l    	-72.0431771589	5.1528e-32    	15.098	0   	15.098	0   	1.0098	1000	1.0098	1000
89        	108       	1         	l    	-80.4178231298	1.1885e-35    	2.3261	14.266	2.3261	14.266	16.606	0   	16.606	0   
90        	108       	1         	l    	-80.4178231298	1.1885e-35    	2.3261	14.266	2.3261	14.266	16.606	0   	16.606	0   
91        	108       	1         	l    	-80.4178231298	1.1885e-35    	2.3261	14.266	2.3261	14.266	16.606	0   	16.606	0   
92        	108       	1         	l    	-80.4178231298	1.1885e-35    	2.3261	14.266	2.3261	14.266	16.606	0   	16.606	0   
95        	108       	1         	l    	-79.0107394876	4.8537e-35    	2.3299	14.126	2.3299	14.126	16.895	0   	16.895	0   
96        	108       	1         	l    	-100.0269201884	3.6213e-44    	9.1361	0   	9.1361	0   	12.425	17.138	12.425	17.138
99        	108       	1         	l    	-100.0269201884	3.6213e-44    	9.1361	0   	9.1361	0   	12.425	17.138	12.425	17.138
100       	108       	1         	l    	-79.0107394876	4.8537e-35    	2.3299	14.126	2.3299	14.126	16.895	0   	16.895	0   
101       	108       	1         	l    	-79.0107394876	4.8537e-35    	2.3299	14.126	2.3299	14.126	16.895	0   	16.895	0   
102       	108       	1         	l    	-100.0269201884	3.6213e-44    	9.1361	0   	9.1361	0   	12.425	17.138	12.425	17.138
108       	109       	1         	l    	-72.0431771589	5.1528e-32    	1.0098	1000	1.0098	1000	15.098	0   	15.098	0   
108       	110       	1         	l    	-68.6251119379	1.5721e-30    	16  	-   	16  	-   	0   	1000	0   	1000
108       	111       	1         	l    	-68.6251119379	1.5721e-30    	16  	-   	16  	-   	0   	1000	0   	1000
89        	109       	1         	l    	-77.8428115847	1.5606e-34    	2.3088	14.953	2.3088	14.953	15.568	0   	15.568	0   
90        	109       	1         	l    	-77.8428115847	1.5606e-34    	2.3088	14.953	2.3088	14.953	15.568	0   	15.568	0   
91        	109       	1         	l    	-77.8428115847	1.5606e-34    	2.3088	14.953	2.3088	14.953	15.568	0   	15.568	0   
92        	109       	1         	l    	-77.8428115847	1.5606e-34    	2.3088	14.953	2.3088	14.953	15.568	0   	15.568	0   
95        	109       	1         	l    	-76.4539396268	6.2586e-34    	2.3125	14.8	2.3125	14.8	15.839	0   	15.839	0   
96        	109       	1         	l    	-97.5751506112	4.2039e-43    	9.1361	0   	9.1361	0   	12.77	15.685	12.77	15.685
99        	109       	1         	l    	-97.5751506112	4.2039e-43    	9.1361	0   	9.1361	0   	12.77	15.685	12.77	15.685
100       	109       	1         	l    	-76.4539396268	6.2586e-34    	2.3125	14.8	2.3125	14.8	15.839	0   	15.839	0   
101       	109       	1         	l    	-76.4539396268	6.2586e-34    	2.3125	14.8	2.3125	14.8	15.839	0   	15.839	0   
102       	109       	1         	l    	-97.5751506112	4.2039e-43    	9.1361	0   	9.1361	0   	12.77	15.685	12.77	15.685
109       	110       	1         	l    	-72.0431771589	5.1528e-32    	15.098	0   	15.098	0   	1.0098	1000	1.0098	1000
109       	111       	1         	l    	-72.0431771589	5.1528e-32    	15.098	0   	15.098	0   	1.0098	1000	1.0098	1000
89        	110       	1         	l    	-80.4178231298	1.1885e-35    	2.3261	14.266	2.3261	14.266	16.606	0   	16.606	0   
90        	110       	1         	l    	-80.4178231298	1.1885e-35    	2.3261	14.266	2.3261	14.266	16.606	0   	16.606	0   
91        	110       	1         	l    	-80.4178231298	1.1885e-35    	2.3261	14.266	2.3261	14.266	16.606	0   	16.606	0   
92        	110       	1         	l    	-80.4178231298	1.1885e-35    	2.3261	14.266	2.3261	14.266	16.606	0   	16.606	0   
95        	110       	1         	l    	-79.0107394876	4.8537e-35    	2.3299	14.126	2.3299	14.126	16.895	0   	16.895	0   
96        	110       	1         	l    	-100.0269201884	3.6213e-44    	9.1361	0   	9.1361	0   	12.425	17.138	12.425	17.138
99        	110       	1         	l    	-100.0269201884	3.6213e-44    	9.1361	0   	9.1361	0   	12.425	17.138	12.425	17.138
100       	110       	1         	l    	-79.0107394876	4.8537e-35    	2.3299	14.126	2.3299	14.126	16.895	0   	16.895	0   
101       	110       	1         	l    	-79.0107394876	4.8537e-35    	2.3299	14.126	2.3299	14.126	16.895	0   	16.895	0   
102       	110       	1         	l    	-100.0269201884	3.6213e-44    	9.1361	0   	9.1361	0   	12.425	17.138	12.425	17.138
110       	111       	1         	l    	-68.6251119379	1.5721e-30    	16  	-   	16  	-   	0   	1000	0   	1000
89        	111       	1         	l    	-80.4178231298	1.1885e-35    	2.3261	14.266	2.3261	14.266	16.606	0   	16.606	0   
90        	111       	1         	l    	-80.4178231298	1.1885e-35    	2.3261	14.266	2.3261	14.266	16.606	0   	16.606	0   
91        	111       	1         	l    	-80.4178231298	1.1885e-35    	2.3261	14.266	2.3261	14.266	16.606	0   	16.606	0   
92        	111       	1         	l    	-80.4178231298	1.1885e-35    	2.3261	14.266	2.3261	14.266	16.606	0   	16.606	0   
95        	111       	1         	l    	-79.0107394876	4.8537e-35    	2.3299	14.126	2.3299	14.126	16.895	0   	16.895	0   
96        	111       	1         	l    	-100.0269201884	3.6213e-44    	9.1361	0   	9.1361	0   	12.425	17.138	12.425	17.138
99        	111       	1         	l    	-100.0269201884	3.6213e-44    	9.1361	0   	9.1361	0   	12.425	17.138	12.425	17.138
100       	111       	1         	l    	-79.0107394876	4.8537e-35    	2.3299	14.126	2.3299	14.126	16.895	0   	16.895	0   
101       	111       	1         	l    	-79.0107394876	4.8537e-35    	2.3299	14.126	2.3299	14.126	16.895	0   	16.895	0   
102       	111       	1         	l    	-100.0269201884	3.6213e-44    	9.1361	0   	9.1361	0   	12.425	17.138	12.425	17.138
95        	112       	1         	l    	-127.7127290749	3.4282e-56    	0   	4.3527	0   	4.3527	27  	-   	27  	-   
100       	112       	1         	l    	-127.7127290749	3.4282e-56    	0   	4.3527	0   	4.3527	27  	-   	27  	-   
101       	112       	1         	l    	-127.7127290749	3.4282e-56    	0   	4.3527	0   	4.3527	27  	-   	27  	-   
112       	113       	1         	l    	-161.9032849594	4.8562e-71    	27.072	25.242	27.072	25.242	6.0819	1000	6.0819	1000
112       	114       	1         	l    	-198.1240653297	9.0326e-87    	25.433	31.627	25.433	31.627	23.229	1000	23.229	1000
112       	115       	1         	l    	-161.9032849594	4.8562e-71    	27.072	25.242	27.072	25.242	6.0819	1000	6.0819	1000
112       	116       	1         	l    	-161.9032849594	4.8562e-71    	27.072	25.242	27.072	25.242	6.0819	1000	6.0819	1000
112       	117       	1         	l    	-161.9032849594	4.8562e-71    	27.072	25.242	27.072	25.242	6.0819	1000	6.0819	1000
112       	118       	1         	l    	-133.8072214290	7.7315e-59    	1e-07	1000	1e-07	1000	27  	-   	27  	-   
95        	113       	1         	l    	-138.6164120255	6.3046e-61    	0   	4.3527	0   	4.3527	32  	-   	32  	-   
100       	113       	1         	l    	-138.6164120255	6.3046e-61    	0   	4.3527	0   	4.3527	32  	-   	32  	-   
101       	113       	1         	l    	-138.6164120255	6.3046e-61    	0   	4.3527	0   	4.3527	32  	-   	32  	-   
113       	114       	1         	l    	-197.8005915289	1.2482e-86    	31.815	32.68	31.815	32.68	17.243	1000	17.243	1000
113       	115       	1         	l    	-148.3509232985	3.7326e-65    	32  	-   	32  	-   	1e-07	1000	1e-07	1000
113       	116       	1         	l    	-148.3509232985	3.7326e-65    	32  	-   	32  	-   	1e-07	1000	1e-07	1000
113       	117       	1         	l    	-148.3509232985	3.7326e-65    	32  	-   	32  	-   	1e-07	1000	1e-07	1000
113       	118       	1         	l    	-161.9032849594	4.8562e-71    	6.0819	1000	6.0819	1000	27.072	25.242	27.072	25.242
44        	114       	1         	l    	-172.3684007441	1.3847e-75    	0   	13.715	0   	13.715	42  	-   	42  	-   
114       	115       	1         	l    	-197.8005915289	1.2482e-86    	17.243	1000	17.243	1000	31.815	32.68	31.815	32.68
114       	116       	1         	l    	-197.8005915289	1.2482e-86    	17.243	1000	17.243	1000	31.815	32.68	31.815	32.68
114       	117       	1         	l    	-197.8005915289	1.2482e-86    	17.243	1000	17.243	1000	31.815	32.68	31.815	32.68
114       	118       	1         	l    	-198.1240653298	9.0326e-87    	23.229	1000	23.229	1000	25.433	31.627	25.433	31.627
95        	115       	1         	l    	-138.6164120255	6.3046e-61    	0   	4.3527	0   	4.3527	32  	-   	32  	-   
100       	115       	1         	l    	-138.6164120255	6.3046e-61    	0   	4.3527	0   	4.3527	32  	-   	32  	-   
101       	115       	1         	l    	-138.6164120255	6.3046e-61    	0   	4.3527	0   	4.3527	32  	-   	32  	-   
115       	116       	1         	l    	-148.3509232985	3.7326e-65    	32  	-   	32  	-   	1e-07	1000	1e-07	1000
115       	117       	1         	l    	-148.3509232985	3.7326e-65    	32  	-   	32  	-   	1e-07	1000	1e-07	1000
115       	118       	1         	l    	-161.9032849594	4.8562e-71    	6.0819	1000	6.0819	1000	27.072	25.242	27.072	25.242
95        	116       	1         	l    	-138.6164120255	6.3046e-61    	0   	4.3527	0   	4.3527	32  	-   	32  	-   
100       	116       	1         	l    	-138.6164120255	6.3046e-61    	0   	4.3527	0   	4.3527	32  	-   	32  	-   
101       	116       	1         	l    	-138.6164120255	6.3046e-61    	0   	4.3527	0   	4.3527	32  	-   	32  	-   
116       	117       	1         	l    	-148.3509232985	3.7326e-65    	32  	-   	32  	-   	1e-07	1000	1e-07	1000
116       	118       	1         	l    	-161.9032849594	4.8562e-71    	6.0819	1000	6.0819	1000	27.072	25.242	27.072	25.242
95        	117       	1         	l    	-138.6164120255	6.3046e-61    	0   	4.3527	0   	4.3527	32  	-   	32  	-   
100       	117       	1         	l    	-138.6164120255	6.3046e-61    	0   	4.3527	0   	4.3527	32  	-   	32  	-   
101       	117       	1         	l    	-138.6164120255	6.3046e-61    	0   	4.3527	0   	4.3527	32  	-   	32  	-   
117       	118       	1         	l    	-161.9032849594	4.8562e-71    	6.0819	1000	6.0819	1000	27.072	25.242	27.072	25.242
95        	118       	1         	l    	-127.7127290749	3.4282e-56    	0   	4.3527	0   	4.3527	27  	-   	27  	-   
100       	118       	1         	l    	-127.7127290749	3.4282e-56    	0   	4.3527	0   	4.3527	27  	-   	27  	-   
101       	118       	1         	l    	-127.7127290749	3.4282e-56    	0   	4.3527	0   	4.3527	27  	-   	27  	-   
119       	120       	1         	l    	-9.9678046597 	4.6885e-05    	2   	-   	2   	-   	0   	1000	0   	1000
119       	121       	1         	l    	-9.9678046597 	4.6885e-05    	2   	-   	2   	-   	0   	1000	0   	1000
119       	122       	1         	l    	-9.9678046597 	4.6885e-05    	2   	-   	2   	-   	0   	1000	0   	1000
119       	123       	1         	l    	-9.9678046597 	4.6885e-05    	2   	-   	2   	-   	0   	1000	0   	1000
119       	124       	1         	l    	-9.9678046597 	4.6885e-05    	2   	-   	2   	-   	0   	1000	0   	1000
119       	125       	1         	l    	-9.9678046597 	4.6885e-05    	2   	-   	2   	-   	0   	1000	0   	1000
119       	126       	1         	l    	-9.9678046597 	4.6885e-05    	2   	-   	2   	-   	0   	1000	0   	1000
119       	127       	1         	l    	-9.9678046597 	4.6885e-05    	2   	-   	2   	-   	0   	1000	0   	1000
120       	121       	1         	l    	-9.9678046597 	4.6885e-05    	2   	-   	2   	-   	0   	1000	0   	1000
120       	122       	1         	l    	-9.9678046597 	4.6885e-05    	2   	-   	2   	-   	0   	1000	0   	1000
120       	123       	1         	l    	-9.9678046597 	4.6885e-05    	2   	-   	2   	-   	0   	1000	0   	1000
120       	124       	1         	l    	-9.9678046597 	4.6885e-05    	2   	-   	2   	-   	0   	1000	0   	1000
120       	125       	1         	l    	-9.9678046597 	4.6885e-05    	2   	-   	2   	-   	0   	1000	0   	1000
120       	126       	1         	l    	-9.9678046597 	4.6885e-05    	2   	-   	2   	-   	0   	1000	0   	1000
120       	127       	1         	l    	-9.9678046597 	4.6885e-05    	2   	-   	2   	-   	0   	1000	0   	1000
121       	122       	1         	l    	-9.9678046597 	4.6885e-05    	2   	-   	2   	-   	0   	1000	0   	1000
121       	123       	1         	l    	-9.9678046597 	4.6885e-05    	2   	-   	2   	-   	0   	1000	0   	1000
121       	124       	1         	l    	-9.9678046597 	4.6885e-05    	2   	-   	2   	-   	0   	1000	0   	1000
121       	125       	1         	l    	-9.9678046597 	4.6885e-05    	2   	-   	2   	-   	0   	1000	0   	1000
121       	126       	1         	l    	-9.9678046597 	4.6885e-05    	2   	-   	2   	-   	0   	1000	0   	1000
121       	127       	1         	l    	-9.9678046597 	4.6885e-05    	2   	-   	2   	-   	0   	1000	0   	1000
122       	123       	1         	l    	-9.9678046597 	4.6885e-05    	2   	-   	2   	-   	0   	1000	0   	1000
122       	124       	1         	l    	-9.9678046597 	4.6885e-05    	2   	-   	2   	-   	0   	1000	0   	1000
122       	125       	1         	l    	-9.9678046597 	4.6885e-05    	2   	-   	2   	-   	0   	1000	0   	1000
122       	126       	1         	l    	-9.9678046597 	4.6885e-05    	2   	-   	2   	-   	0   	1000	0   	1000
122       	127       	1         	l    	-9.9678046597 	4.6885e-05    	2   	-   	2   	-   	0   	1000	0   	1000
123       	124       	1         	l    	-9.9678046597 	4.6885e-05    	2   	-   	2   	-   	0   	1000	0   	1000
123       	125       	1         	l    	-9.9678046597 	4.6885e-05    	2   	-   	2   	-   	0   	1000	0   	1000
123       	126       	1         	l    	-9.9678046597 	4.6885e-05    	2   	-   	2   	-   	0   	1000	0   	1000
123       	127       	1         	l    	-9.9678046597 	4.6885e-05    	2   	-   	2   	-   	0   	1000	0   	1000
124       	125       	1         	l    	-9.9678046597 	4.6885e-05    	2   	-   	2   	-   	0   	1000	0   	1000
124       	126       	1         	l    	-9.9678046597 	4.6885e-05    	2   	-   	2   	-   	0   	1000	0   	1000
124       	127       	1         	l    	-9.9678046597 	4.6885e-05    	2   	-   	2   	-   	0   	1000	0   	1000
125       	126       	1         	l    	-9.9678046597 	4.6885e-05    	2   	-   	2   	-   	0   	1000	0   	1000
125       	127       	1         	l    	-9.9678046597 	4.6885e-05    	2   	-   	2   	-   	0   	1000	0   	1000
126       	127       	1         	l    	-9.9678046597 	4.6885e-05    	2   	-   	2   	-   	0   	1000	0   	1000
