Event1    	Event2    	Tree      	Model	lnML          	ML            	mu1 	mu1star	nu1 	nu1star	mu2 	mu2star	nu2 	nu2star
4         	21        	1         	b    	-5.5219717694 	0.003998      	0   	1000	0   	1000	1   	1   	1   	1   
4         	95        	1         	b    	-21.5783790835	4.2524e-10    	0   	17.684	0   	17.684	4   	4   	4   	4   
4         	100       	1         	b    	-21.5783790835	4.2524e-10    	0   	17.684	0   	17.684	4   	4   	4   	4   
4         	101       	1         	b    	-21.5783790835	4.2524e-10    	0   	17.684	0   	17.684	4   	4   	4   	4   
7         	8         	1         	b    	-116.8974494377	1.7064e-51    	0   	63.248	0   	63.248	20  	20  	20  	20  
7         	22        	1         	b    	-77.8774748953	1.5074e-34    	9.4278	0   	9.4278	0   	10  	10  	10  	10  
7         	23        	1         	b    	-43.3849901867	1.4393e-19    	7.0002	1000	7.0002	1000	1   	1   	1   	1   
7         	24        	1         	b    	-43.3849901867	1.4393e-19    	7.0002	1000	7.0002	1000	1   	1   	1   	1   
7         	43        	1         	b    	-65.1533325432	5.0614e-29    	6.4372	29.49	6.4372	29.49	5   	5   	5   	5   
7         	44        	1         	b    	-82.1494749833	2.1035e-36    	9.5833	0   	9.5833	0   	12  	12  	12  	12  
7         	45        	1         	b    	-43.3849901867	1.4393e-19    	7.0002	1000	7.0002	1000	1   	1   	1   	1   
7         	47        	1         	b    	-43.3849901867	1.4393e-19    	7.0002	1000	7.0002	1000	1   	1   	1   	1   
8         	22        	1         	b    	-123.3478807894	2.6959e-54    	10.077	102.96	10.077	102.96	10  	10  	10  	10  
8         	43        	1         	b    	-119.0686629611	1.946e-52     	17.731	72.634	17.731	72.634	5   	5   	5   	5   
8         	44        	1         	b    	-126.9277399889	7.5159e-56    	9.0431	104.03	9.0431	104.03	12  	12  	12  	12  
8         	51        	1         	b    	-131.9834065627	4.79e-58      	16.568	52.831	16.568	52.831	12  	12  	12  	12  
11        	22        	1         	b    	-57.2980997328	1.3054e-25    	0   	68.896	0   	68.896	10  	10  	10  	10  
11        	23        	1         	b    	-32.5682088383	7.1747e-15    	4.0001	1000	4.0001	1000	1   	1   	1   	1   
11        	24        	1         	b    	-32.5682088383	7.1747e-15    	4.0001	1000	4.0001	1000	1   	1   	1   	1   
11        	44        	1         	b    	-62.5250516723	7.01e-28      	0   	58.298	0   	58.298	12  	12  	12  	12  
11        	45        	1         	b    	-32.5682088383	7.1747e-15    	4.0001	1000	4.0001	1000	1   	1   	1   	1   
11        	46        	1         	b    	-56.2129806239	3.8638e-25    	1.1118	39.774	1.1118	39.774	8   	8   	8   	8   
11        	47        	1         	b    	-32.5682088383	7.1747e-15    	4.0001	1000	4.0001	1000	1   	1   	1   	1   
12        	13        	1         	b    	-93.0459826694	3.8962e-41    	11.006	1000	11.006	1000	9   	9   	9   	9   
12        	15        	1         	b    	-95.1942634450	4.5463e-42    	11.007	1000	11.007	1000	10  	10  	10  	10  
12        	43        	1         	b    	-75.8168284646	1.1835e-33    	11.006	1000	11.006	1000	5   	5   	5   	5   
12        	63        	1         	b    	-97.7321392716	3.5931e-43    	7.16	37.033	7.16	37.033	14  	14  	14  	14  
12        	64        	1         	b    	-97.7321392716	3.5931e-43    	7.16	37.033	7.16	37.033	14  	14  	14  	14  
12        	65        	1         	b    	-97.7321392716	3.5931e-43    	7.16	37.033	7.16	37.033	14  	14  	14  	14  
12        	66        	1         	b    	-97.7321392716	3.5931e-43    	7.16	37.033	7.16	37.033	14  	14  	14  	14  
12        	67        	1         	b    	-97.7321392716	3.5931e-43    	7.16	37.033	7.16	37.033	14  	14  	14  	14  
13        	15        	1         	b    	-63.1918335056	3.5986e-28    	1.0078	1000	1.0078	1000	10  	10  	10  	10  
13        	43        	1         	b    	-62.1696997868	1.0001e-27    	4.1281	161.25	4.1281	161.25	5   	5   	5   	5   
13        	44        	1         	b    	-87.7133262149	8.0647e-39    	10.49	0   	10.49	0   	12  	12  	12  	12  
15        	43        	1         	b    	-70.4665730440	2.4932e-31    	6.371	68.797	6.371	68.797	5   	5   	5   	5   
7         	16        	1         	b    	-60.7226971863	4.2508e-27    	7.0009	1000	7.0009	1000	3   	3   	3   	3   
8         	16        	1         	b    	-115.4106710203	7.5471e-51    	19.002	1000	19.002	1000	3   	3   	3   	3   
11        	16        	1         	b    	-49.9061939691	2.1184e-22    	4.0005	1000	4.0005	1000	3   	3   	3   	3   
13        	16        	1         	b    	-66.2528154669	1.6857e-29    	8.0003	1000	8.0003	1000	3   	3   	3   	3   
15        	16        	1         	b    	-69.1593442369	9.2146e-31    	9.0003	1000	9.0003	1000	3   	3   	3   	3   
16        	22        	1         	b    	-67.3450696356	5.6547e-30    	3.5897	0   	3.5897	0   	10  	10  	10  	10  
16        	23        	1         	b    	-32.3607315738	8.829e-15     	2.0001	1000	2.0001	1000	1   	1   	1   	1   
16        	24        	1         	b    	-32.3607315738	8.829e-15     	2.0001	1000	2.0001	1000	1   	1   	1   	1   
16        	43        	1         	b    	-54.9300653436	1.3937e-24    	2.1478	14.53	2.1478	14.53	5   	5   	5   	5   
16        	44        	1         	b    	-70.5384125009	2.3204e-31    	1.2147	11.315	1.2147	11.315	12  	12  	12  	12  
16        	45        	1         	b    	-32.3607315738	8.829e-15     	2.0001	1000	2.0001	1000	1   	1   	1   	1   
16        	47        	1         	b    	-32.3607315738	8.829e-15     	2.0001	1000	2.0001	1000	1   	1   	1   	1   
21        	95        	1         	b    	-21.5783790835	4.2524e-10    	0   	17.684	0   	17.684	4   	4   	4   	4   
21        	100       	1         	b    	-21.5783790835	4.2524e-10    	0   	17.684	0   	17.684	4   	4   	4   	4   
21        	101       	1         	b    	-21.5783790835	4.2524e-10    	0   	17.684	0   	17.684	4   	4   	4   	4   
22        	44        	1         	b    	-55.8818484332	5.3805e-25    	0   	518.08	0   	518.08	12  	12  	12  	12  
22        	46        	1         	b    	-72.6082778944	2.9284e-32    	6.6721	39.708	6.6721	39.708	8   	8   	8   	8   
22        	60        	1         	b    	-76.3634484794	6.8513e-34    	7.6643	34.614	7.6643	34.614	8   	8   	8   	8   
8         	23        	1         	b    	-98.0740766787	2.5525e-43    	19.001	1000	19.001	1000	1   	1   	1   	1   
13        	23        	1         	b    	-49.0078932939	5.2017e-22    	8.0003	1000	8.0003	1000	1   	1   	1   	1   
15        	23        	1         	b    	-51.9144220639	2.8435e-23    	9.0003	1000	9.0003	1000	1   	1   	1   	1   
22        	23        	1         	b    	-46.0144810161	1.0379e-20    	9.0003	1000	9.0003	1000	1   	1   	1   	1   
23        	24        	1         	b    	-13.2063335447	1.8389e-06    	0   	1000	0   	1000	1   	1   	1   	1   
23        	43        	1         	b    	-35.9181722144	2.5173e-16    	0   	14.538	0   	14.538	5   	5   	5   	5   
23        	44        	1         	b    	-53.3108721341	7.0369e-24    	0   	5.6439	0   	5.6439	12  	12  	12  	12  
23        	45        	1         	b    	-13.2063335447	1.8389e-06    	0   	1000	0   	1000	1   	1   	1   	1   
23        	47        	1         	b    	-13.2063335447	1.8389e-06    	0   	1000	0   	1000	1   	1   	1   	1   
8         	24        	1         	b    	-98.0740766787	2.5525e-43    	19.001	1000	19.001	1000	1   	1   	1   	1   
13        	24        	1         	b    	-49.0078932939	5.2017e-22    	8.0003	1000	8.0003	1000	1   	1   	1   	1   
15        	24        	1         	b    	-51.9144220639	2.8435e-23    	9.0003	1000	9.0003	1000	1   	1   	1   	1   
22        	24        	1         	b    	-46.0144810161	1.0379e-20    	9.0003	1000	9.0003	1000	1   	1   	1   	1   
24        	43        	1         	b    	-35.9181722144	2.5173e-16    	0   	14.538	0   	14.538	5   	5   	5   	5   
24        	44        	1         	b    	-53.3108721341	7.0369e-24    	0   	5.6439	0   	5.6439	12  	12  	12  	12  
24        	45        	1         	b    	-13.2063335447	1.8389e-06    	0   	1000	0   	1000	1   	1   	1   	1   
24        	47        	1         	b    	-13.2063335447	1.8389e-06    	0   	1000	0   	1000	1   	1   	1   	1   
26        	27        	1         	b    	-5.5276600264 	0.0039753     	0   	1000	0   	1000	1   	1   	1   	1   
26        	28        	1         	b    	-5.5276600264 	0.0039753     	0   	1000	0   	1000	1   	1   	1   	1   
27        	28        	1         	b    	-5.5276600264 	0.0039753     	0   	1000	0   	1000	1   	1   	1   	1   
4         	43        	1         	b    	-30.6754622062	4.7623e-14    	0   	23.608	0   	23.608	5   	5   	5   	5   
21        	43        	1         	b    	-30.6754622062	4.7623e-14    	0   	23.608	0   	23.608	5   	5   	5   	5   
22        	43        	1         	b    	-67.1799327373	6.67e-30      	8.3519	47.568	8.3519	47.568	5   	5   	5   	5   
43        	44        	1         	b    	-72.3377447151	3.8381e-32    	3.5314	13.29	3.5314	13.29	12  	12  	12  	12  
43        	45        	1         	b    	-33.2208371950	3.7357e-15    	4.0001	1000	4.0001	1000	1   	1   	1   	1   
43        	47        	1         	b    	-33.2208371950	3.7357e-15    	4.0001	1000	4.0001	1000	1   	1   	1   	1   
44        	46        	1         	b    	-77.7058966600	1.7896e-34    	8.8968	39.681	8.8968	39.681	8   	8   	8   	8   
44        	60        	1         	b    	-81.2234479419	5.3101e-36    	9.8546	34.592	9.8546	34.592	8   	8   	8   	8   
8         	45        	1         	b    	-98.0740766787	2.5525e-43    	19.001	1000	19.001	1000	1   	1   	1   	1   
13        	45        	1         	b    	-49.0078932939	5.2017e-22    	8.0003	1000	8.0003	1000	1   	1   	1   	1   
15        	45        	1         	b    	-51.9144220639	2.8435e-23    	9.0003	1000	9.0003	1000	1   	1   	1   	1   
22        	45        	1         	b    	-46.0144810161	1.0379e-20    	9.0003	1000	9.0003	1000	1   	1   	1   	1   
44        	45        	1         	b    	-50.6076137450	1.0505e-22    	11  	1000	11  	1000	1   	1   	1   	1   
45        	47        	1         	b    	-13.2063335447	1.8389e-06    	0   	1000	0   	1000	1   	1   	1   	1   
46        	114       	1         	b    	-162.2925316072	3.2904e-71    	0   	8.7063	0   	8.7063	42  	42  	42  	42  
8         	47        	1         	b    	-98.0740766787	2.5525e-43    	19.001	1000	19.001	1000	1   	1   	1   	1   
13        	47        	1         	b    	-49.0078932939	5.2017e-22    	8.0003	1000	8.0003	1000	1   	1   	1   	1   
15        	47        	1         	b    	-51.9144220639	2.8435e-23    	9.0003	1000	9.0003	1000	1   	1   	1   	1   
22        	47        	1         	b    	-46.0144810161	1.0379e-20    	9.0003	1000	9.0003	1000	1   	1   	1   	1   
44        	47        	1         	b    	-50.6076137450	1.0505e-22    	11  	1000	11  	1000	1   	1   	1   	1   
48        	49        	1         	b    	-92.6334367750	5.8859e-41    	1.0106	1000	1.0106	1000	17  	17  	17  	17  
48        	50        	1         	b    	-92.6334367750	5.8859e-41    	1.0106	1000	1.0106	1000	17  	17  	17  	17  
48        	119       	1         	b    	-86.3221407366	3.2417e-38    	18  	-   	18  	-   	2   	2   	2   	2   
48        	120       	1         	b    	-86.3221407366	3.2417e-38    	18  	-   	18  	-   	2   	2   	2   	2   
48        	121       	1         	b    	-86.3221407366	3.2417e-38    	18  	-   	18  	-   	2   	2   	2   	2   
48        	122       	1         	b    	-86.3221407366	3.2417e-38    	18  	-   	18  	-   	2   	2   	2   	2   
48        	123       	1         	b    	-86.3221407366	3.2417e-38    	18  	-   	18  	-   	2   	2   	2   	2   
48        	124       	1         	b    	-86.3221407366	3.2417e-38    	18  	-   	18  	-   	2   	2   	2   	2   
48        	125       	1         	b    	-86.3221407366	3.2417e-38    	18  	-   	18  	-   	2   	2   	2   	2   
48        	126       	1         	b    	-86.3221407366	3.2417e-38    	18  	-   	18  	-   	2   	2   	2   	2   
48        	127       	1         	b    	-86.3221407366	3.2417e-38    	18  	-   	18  	-   	2   	2   	2   	2   
49        	50        	1         	b    	-83.1454522734	7.7694e-37    	1e-07	1000	1e-07	1000	17  	17  	17  	17  
49        	119       	1         	b    	-80.6856352591	9.0923e-36    	17  	-   	17  	-   	2   	2   	2   	2   
49        	120       	1         	b    	-80.6856352591	9.0923e-36    	17  	-   	17  	-   	2   	2   	2   	2   
49        	121       	1         	b    	-80.6856352591	9.0923e-36    	17  	-   	17  	-   	2   	2   	2   	2   
49        	122       	1         	b    	-80.6856352591	9.0923e-36    	17  	-   	17  	-   	2   	2   	2   	2   
49        	123       	1         	b    	-80.6856352591	9.0923e-36    	17  	-   	17  	-   	2   	2   	2   	2   
49        	124       	1         	b    	-80.6856352591	9.0923e-36    	17  	-   	17  	-   	2   	2   	2   	2   
49        	125       	1         	b    	-80.6856352591	9.0923e-36    	17  	-   	17  	-   	2   	2   	2   	2   
49        	126       	1         	b    	-80.6856352591	9.0923e-36    	17  	-   	17  	-   	2   	2   	2   	2   
49        	127       	1         	b    	-80.6856352591	9.0923e-36    	17  	-   	17  	-   	2   	2   	2   	2   
50        	119       	1         	b    	-80.6856352591	9.0923e-36    	17  	-   	17  	-   	2   	2   	2   	2   
50        	120       	1         	b    	-80.6856352591	9.0923e-36    	17  	-   	17  	-   	2   	2   	2   	2   
50        	121       	1         	b    	-80.6856352591	9.0923e-36    	17  	-   	17  	-   	2   	2   	2   	2   
50        	122       	1         	b    	-80.6856352591	9.0923e-36    	17  	-   	17  	-   	2   	2   	2   	2   
50        	123       	1         	b    	-80.6856352591	9.0923e-36    	17  	-   	17  	-   	2   	2   	2   	2   
50        	124       	1         	b    	-80.6856352591	9.0923e-36    	17  	-   	17  	-   	2   	2   	2   	2   
50        	125       	1         	b    	-80.6856352591	9.0923e-36    	17  	-   	17  	-   	2   	2   	2   	2   
50        	126       	1         	b    	-80.6856352591	9.0923e-36    	17  	-   	17  	-   	2   	2   	2   	2   
50        	127       	1         	b    	-80.6856352591	9.0923e-36    	17  	-   	17  	-   	2   	2   	2   	2   
57        	58        	1         	b    	-5.9002396364 	0.0027388     	0   	1000	0   	1000	1   	1   	1   	1   
59        	85        	1         	b    	-130.8132544253	1.5436e-57    	16.195	82.894	16.195	82.894	14  	14  	14  	14  
59        	88        	1         	b    	-130.8132544253	1.5436e-57    	16.195	82.894	16.195	82.894	14  	14  	14  	14  
59        	112       	1         	b    	-180.7756437040	3.0913e-79    	11.698	34.688	11.698	34.688	27  	27  	27  	27  
59        	113       	1         	b    	-192.0871595095	3.781e-84     	11.994	32.044	11.994	32.044	32  	32  	32  	32  
59        	115       	1         	b    	-192.0871595095	3.781e-84     	11.994	32.044	11.994	32.044	32  	32  	32  	32  
59        	116       	1         	b    	-192.0871595095	3.781e-84     	11.994	32.044	11.994	32.044	32  	32  	32  	32  
59        	117       	1         	b    	-192.0871595095	3.781e-84     	11.994	32.044	11.994	32.044	32  	32  	32  	32  
59        	118       	1         	b    	-180.7756437040	3.0913e-79    	11.698	34.688	11.698	34.688	27  	27  	27  	27  
4         	60        	1         	b    	-40.5669607297	2.4099e-18    	0   	7.0103	0   	7.0103	8   	8   	8   	8   
21        	60        	1         	b    	-40.5669607297	2.4099e-18    	0   	7.0103	0   	7.0103	8   	8   	8   	8   
57        	60        	1         	b    	-40.9953063220	1.5702e-18    	0   	6.4189	0   	6.4189	8   	8   	8   	8   
58        	60        	1         	b    	-40.9953063220	1.5702e-18    	0   	6.4189	0   	6.4189	8   	8   	8   	8   
61        	62        	1         	b    	-4.9631917210 	0.0069906     	0   	1000	0   	1000	1   	1   	1   	1   
61        	78        	1         	b    	-12.8942610800	2.5124e-06    	0   	30.663	0   	30.663	2   	2   	2   	2   
62        	78        	1         	b    	-12.8942610800	2.5124e-06    	0   	30.663	0   	30.663	2   	2   	2   	2   
44        	63        	1         	b    	-94.2247882001	1.1987e-41    	4.6557	14.009	4.6557	14.009	14  	14  	14  	14  
63        	64        	1         	b    	-51.1561307673	6.0698e-23    	0   	1000	0   	1000	14  	14  	14  	14  
63        	65        	1         	b    	-51.1561307673	6.0698e-23    	0   	1000	0   	1000	14  	14  	14  	14  
63        	66        	1         	b    	-51.1561307673	6.0698e-23    	0   	1000	0   	1000	14  	14  	14  	14  
63        	67        	1         	b    	-51.1561307673	6.0698e-23    	0   	1000	0   	1000	14  	14  	14  	14  
63        	80        	1         	b    	-56.7938754959	2.1614e-25    	13.011	1000	13.011	1000	2   	2   	2   	2   
63        	81        	1         	b    	-56.7938754959	2.1614e-25    	13.011	1000	13.011	1000	2   	2   	2   	2   
63        	82        	1         	b    	-56.7938754959	2.1614e-25    	13.011	1000	13.011	1000	2   	2   	2   	2   
44        	64        	1         	b    	-94.2247882001	1.1987e-41    	4.6557	14.009	4.6557	14.009	14  	14  	14  	14  
64        	65        	1         	b    	-51.1561307673	6.0698e-23    	0   	1000	0   	1000	14  	14  	14  	14  
64        	66        	1         	b    	-51.1561307673	6.0698e-23    	0   	1000	0   	1000	14  	14  	14  	14  
64        	67        	1         	b    	-51.1561307673	6.0698e-23    	0   	1000	0   	1000	14  	14  	14  	14  
64        	80        	1         	b    	-56.7938754959	2.1614e-25    	13.011	1000	13.011	1000	2   	2   	2   	2   
64        	81        	1         	b    	-56.7938754959	2.1614e-25    	13.011	1000	13.011	1000	2   	2   	2   	2   
64        	82        	1         	b    	-56.7938754959	2.1614e-25    	13.011	1000	13.011	1000	2   	2   	2   	2   
44        	65        	1         	b    	-94.2247882001	1.1987e-41    	4.6557	14.009	4.6557	14.009	14  	14  	14  	14  
65        	66        	1         	b    	-51.1561307673	6.0698e-23    	0   	1000	0   	1000	14  	14  	14  	14  
65        	67        	1         	b    	-51.1561307673	6.0698e-23    	0   	1000	0   	1000	14  	14  	14  	14  
65        	80        	1         	b    	-56.7938754959	2.1614e-25    	13.011	1000	13.011	1000	2   	2   	2   	2   
65        	81        	1         	b    	-56.7938754959	2.1614e-25    	13.011	1000	13.011	1000	2   	2   	2   	2   
65        	82        	1         	b    	-56.7938754959	2.1614e-25    	13.011	1000	13.011	1000	2   	2   	2   	2   
44        	66        	1         	b    	-94.2247882001	1.1987e-41    	4.6557	14.009	4.6557	14.009	14  	14  	14  	14  
66        	67        	1         	b    	-51.1561307673	6.0698e-23    	0   	1000	0   	1000	14  	14  	14  	14  
66        	80        	1         	b    	-56.7938754959	2.1614e-25    	13.011	1000	13.011	1000	2   	2   	2   	2   
66        	81        	1         	b    	-56.7938754959	2.1614e-25    	13.011	1000	13.011	1000	2   	2   	2   	2   
66        	82        	1         	b    	-56.7938754959	2.1614e-25    	13.011	1000	13.011	1000	2   	2   	2   	2   
44        	67        	1         	b    	-94.2247882001	1.1987e-41    	4.6557	14.009	4.6557	14.009	14  	14  	14  	14  
67        	80        	1         	b    	-56.7938754959	2.1614e-25    	13.011	1000	13.011	1000	2   	2   	2   	2   
67        	81        	1         	b    	-56.7938754959	2.1614e-25    	13.011	1000	13.011	1000	2   	2   	2   	2   
67        	82        	1         	b    	-56.7938754959	2.1614e-25    	13.011	1000	13.011	1000	2   	2   	2   	2   
68        	69        	1         	b    	-11.7963729103	7.5318e-06    	0   	1000	0   	1000	2   	2   	2   	2   
68        	70        	1         	b    	-11.7963729103	7.5318e-06    	0   	1000	0   	1000	2   	2   	2   	2   
68        	71        	1         	b    	-11.7963729103	7.5318e-06    	0   	1000	0   	1000	2   	2   	2   	2   
68        	72        	1         	b    	-11.7963729103	7.5318e-06    	0   	1000	0   	1000	2   	2   	2   	2   
68        	73        	1         	b    	-11.7963729103	7.5318e-06    	0   	1000	0   	1000	2   	2   	2   	2   
68        	74        	1         	b    	-11.7963729103	7.5318e-06    	0   	1000	0   	1000	2   	2   	2   	2   
68        	75        	1         	b    	-11.7963729103	7.5318e-06    	0   	1000	0   	1000	2   	2   	2   	2   
68        	76        	1         	b    	-11.7963729103	7.5318e-06    	0   	1000	0   	1000	2   	2   	2   	2   
68        	77        	1         	b    	-11.7963729103	7.5318e-06    	0   	1000	0   	1000	2   	2   	2   	2   
68        	78        	1         	b    	-16.0858102338	1.0328e-07    	0   	52.615	0   	52.615	2   	2   	2   	2   
69        	70        	1         	b    	-11.7963729103	7.5318e-06    	0   	1000	0   	1000	2   	2   	2   	2   
69        	71        	1         	b    	-11.7963729103	7.5318e-06    	0   	1000	0   	1000	2   	2   	2   	2   
69        	72        	1         	b    	-11.7963729103	7.5318e-06    	0   	1000	0   	1000	2   	2   	2   	2   
69        	73        	1         	b    	-11.7963729103	7.5318e-06    	0   	1000	0   	1000	2   	2   	2   	2   
69        	74        	1         	b    	-11.7963729103	7.5318e-06    	0   	1000	0   	1000	2   	2   	2   	2   
69        	75        	1         	b    	-11.7963729103	7.5318e-06    	0   	1000	0   	1000	2   	2   	2   	2   
69        	76        	1         	b    	-11.7963729103	7.5318e-06    	0   	1000	0   	1000	2   	2   	2   	2   
69        	77        	1         	b    	-11.7963729103	7.5318e-06    	0   	1000	0   	1000	2   	2   	2   	2   
69        	78        	1         	b    	-16.0858102338	1.0328e-07    	0   	52.615	0   	52.615	2   	2   	2   	2   
70        	71        	1         	b    	-11.7963729103	7.5318e-06    	0   	1000	0   	1000	2   	2   	2   	2   
70        	72        	1         	b    	-11.7963729103	7.5318e-06    	0   	1000	0   	1000	2   	2   	2   	2   
70        	73        	1         	b    	-11.7963729103	7.5318e-06    	0   	1000	0   	1000	2   	2   	2   	2   
70        	74        	1         	b    	-11.7963729103	7.5318e-06    	0   	1000	0   	1000	2   	2   	2   	2   
70        	75        	1         	b    	-11.7963729103	7.5318e-06    	0   	1000	0   	1000	2   	2   	2   	2   
70        	76        	1         	b    	-11.7963729103	7.5318e-06    	0   	1000	0   	1000	2   	2   	2   	2   
70        	77        	1         	b    	-11.7963729103	7.5318e-06    	0   	1000	0   	1000	2   	2   	2   	2   
70        	78        	1         	b    	-16.0858102338	1.0328e-07    	0   	52.615	0   	52.615	2   	2   	2   	2   
71        	72        	1         	b    	-11.7963729103	7.5318e-06    	0   	1000	0   	1000	2   	2   	2   	2   
71        	73        	1         	b    	-11.7963729103	7.5318e-06    	0   	1000	0   	1000	2   	2   	2   	2   
71        	74        	1         	b    	-11.7963729103	7.5318e-06    	0   	1000	0   	1000	2   	2   	2   	2   
71        	75        	1         	b    	-11.7963729103	7.5318e-06    	0   	1000	0   	1000	2   	2   	2   	2   
71        	76        	1         	b    	-11.7963729103	7.5318e-06    	0   	1000	0   	1000	2   	2   	2   	2   
71        	77        	1         	b    	-11.7963729103	7.5318e-06    	0   	1000	0   	1000	2   	2   	2   	2   
71        	78        	1         	b    	-16.0858102338	1.0328e-07    	0   	52.615	0   	52.615	2   	2   	2   	2   
72        	73        	1         	b    	-11.7963729103	7.5318e-06    	0   	1000	0   	1000	2   	2   	2   	2   
72        	74        	1         	b    	-11.7963729103	7.5318e-06    	0   	1000	0   	1000	2   	2   	2   	2   
72        	75        	1         	b    	-11.7963729103	7.5318e-06    	0   	1000	0   	1000	2   	2   	2   	2   
72        	76        	1         	b    	-11.7963729103	7.5318e-06    	0   	1000	0   	1000	2   	2   	2   	2   
72        	77        	1         	b    	-11.7963729103	7.5318e-06    	0   	1000	0   	1000	2   	2   	2   	2   
72        	78        	1         	b    	-16.0858102338	1.0328e-07    	0   	52.615	0   	52.615	2   	2   	2   	2   
73        	74        	1         	b    	-11.7963729103	7.5318e-06    	0   	1000	0   	1000	2   	2   	2   	2   
73        	75        	1         	b    	-11.7963729103	7.5318e-06    	0   	1000	0   	1000	2   	2   	2   	2   
73        	76        	1         	b    	-11.7963729103	7.5318e-06    	0   	1000	0   	1000	2   	2   	2   	2   
73        	77        	1         	b    	-11.7963729103	7.5318e-06    	0   	1000	0   	1000	2   	2   	2   	2   
73        	78        	1         	b    	-16.0858102338	1.0328e-07    	0   	52.615	0   	52.615	2   	2   	2   	2   
74        	75        	1         	b    	-11.7963729103	7.5318e-06    	0   	1000	0   	1000	2   	2   	2   	2   
74        	76        	1         	b    	-11.7963729103	7.5318e-06    	0   	1000	0   	1000	2   	2   	2   	2   
74        	77        	1         	b    	-11.7963729103	7.5318e-06    	0   	1000	0   	1000	2   	2   	2   	2   
74        	78        	1         	b    	-16.0858102338	1.0328e-07    	0   	52.615	0   	52.615	2   	2   	2   	2   
75        	76        	1         	b    	-11.7963729103	7.5318e-06    	0   	1000	0   	1000	2   	2   	2   	2   
75        	77        	1         	b    	-11.7963729103	7.5318e-06    	0   	1000	0   	1000	2   	2   	2   	2   
75        	78        	1         	b    	-16.0858102338	1.0328e-07    	0   	52.615	0   	52.615	2   	2   	2   	2   
76        	77        	1         	b    	-11.7963729103	7.5318e-06    	0   	1000	0   	1000	2   	2   	2   	2   
76        	78        	1         	b    	-16.0858102338	1.0328e-07    	0   	52.615	0   	52.615	2   	2   	2   	2   
77        	78        	1         	b    	-16.0858102338	1.0328e-07    	0   	52.615	0   	52.615	2   	2   	2   	2   
79        	80        	1         	b    	-11.4706914014	1.0431e-05    	0   	180.51	0   	180.51	2   	2   	2   	2   
79        	81        	1         	b    	-11.4706914014	1.0431e-05    	0   	180.51	0   	180.51	2   	2   	2   	2   
79        	82        	1         	b    	-11.4706914014	1.0431e-05    	0   	180.51	0   	180.51	2   	2   	2   	2   
79        	83        	1         	b    	-5.8596533857 	0.0028522     	0   	1000	0   	1000	1   	1   	1   	1   
79        	84        	1         	b    	-5.8596533857 	0.0028522     	0   	1000	0   	1000	1   	1   	1   	1   
80        	81        	1         	b    	-10.3162448085	3.3091e-05    	0   	1000	0   	1000	2   	2   	2   	2   
80        	82        	1         	b    	-10.3162448085	3.3091e-05    	0   	1000	0   	1000	2   	2   	2   	2   
80        	83        	1         	b    	-11.5822701258	9.3301e-06    	1.0009	1000	1.0009	1000	1   	1   	1   	1   
80        	84        	1         	b    	-11.5822701258	9.3301e-06    	1.0009	1000	1.0009	1000	1   	1   	1   	1   
80        	103       	1         	b    	-11.5803690145	9.3478e-06    	1.0009	1000	1.0009	1000	1   	1   	1   	1   
81        	82        	1         	b    	-10.3162448085	3.3091e-05    	0   	1000	0   	1000	2   	2   	2   	2   
81        	83        	1         	b    	-11.5822701258	9.3301e-06    	1.0009	1000	1.0009	1000	1   	1   	1   	1   
81        	84        	1         	b    	-11.5822701258	9.3301e-06    	1.0009	1000	1.0009	1000	1   	1   	1   	1   
81        	103       	1         	b    	-11.5803690145	9.3478e-06    	1.0009	1000	1.0009	1000	1   	1   	1   	1   
82        	83        	1         	b    	-11.5822701258	9.3301e-06    	1.0009	1000	1.0009	1000	1   	1   	1   	1   
82        	84        	1         	b    	-11.5822701258	9.3301e-06    	1.0009	1000	1.0009	1000	1   	1   	1   	1   
82        	103       	1         	b    	-11.5803690145	9.3478e-06    	1.0009	1000	1.0009	1000	1   	1   	1   	1   
83        	84        	1         	b    	-5.8596533857 	0.0028522     	0   	1000	0   	1000	1   	1   	1   	1   
85        	86        	1         	b    	-73.6066049552	1.0791e-32    	11.024	1000	11.024	1000	5   	5   	5   	5   
85        	87        	1         	b    	-73.6066049552	1.0791e-32    	11.024	1000	11.024	1000	5   	5   	5   	5   
85        	88        	1         	b    	-64.4796523207	9.9276e-29    	0   	1000	0   	1000	14  	14  	14  	14  
26        	86        	1         	b    	-27.2294332186	1.4942e-12    	0   	9.8955	0   	9.8955	5   	5   	5   	5   
27        	86        	1         	b    	-27.2294332186	1.4942e-12    	0   	9.8955	0   	9.8955	5   	5   	5   	5   
28        	86        	1         	b    	-27.2294332186	1.4942e-12    	0   	9.8955	0   	9.8955	5   	5   	5   	5   
86        	87        	1         	b    	-24.9465598456	1.465e-11     	0   	1000	0   	1000	5   	5   	5   	5   
86        	88        	1         	b    	-77.8624125145	1.5303e-34    	0   	13.967	0   	13.967	14  	14  	14  	14  
26        	87        	1         	b    	-27.2294332186	1.4942e-12    	0   	9.8955	0   	9.8955	5   	5   	5   	5   
27        	87        	1         	b    	-27.2294332186	1.4942e-12    	0   	9.8955	0   	9.8955	5   	5   	5   	5   
28        	87        	1         	b    	-27.2294332186	1.4942e-12    	0   	9.8955	0   	9.8955	5   	5   	5   	5   
87        	88        	1         	b    	-77.8624125145	1.5303e-34    	0   	13.967	0   	13.967	14  	14  	14  	14  
51        	89        	1         	b    	-59.5393598470	1.388e-26     	11.091	122.19	11.091	122.19	4   	4   	4   	4   
80        	89        	1         	b    	-28.8255957438	3.0283e-13    	1.0696	15.364	1.0696	15.364	4   	4   	4   	4   
81        	89        	1         	b    	-28.8255957438	3.0283e-13    	1.0696	15.364	1.0696	15.364	4   	4   	4   	4   
82        	89        	1         	b    	-28.8255957438	3.0283e-13    	1.0696	15.364	1.0696	15.364	4   	4   	4   	4   
89        	90        	1         	b    	-20.4685952361	1.29e-09      	0   	1000	0   	1000	4   	4   	4   	4   
89        	91        	1         	b    	-20.4685952361	1.29e-09      	0   	1000	0   	1000	4   	4   	4   	4   
89        	92        	1         	b    	-20.4685952361	1.29e-09      	0   	1000	0   	1000	4   	4   	4   	4   
89        	103       	1         	b    	-21.8348346286	3.2904e-10    	3.0026	1000	3.0026	1000	1   	1   	1   	1   
51        	90        	1         	b    	-59.5393598470	1.388e-26     	11.091	122.19	11.091	122.19	4   	4   	4   	4   
80        	90        	1         	b    	-28.8255957438	3.0283e-13    	1.0696	15.364	1.0696	15.364	4   	4   	4   	4   
81        	90        	1         	b    	-28.8255957438	3.0283e-13    	1.0696	15.364	1.0696	15.364	4   	4   	4   	4   
82        	90        	1         	b    	-28.8255957438	3.0283e-13    	1.0696	15.364	1.0696	15.364	4   	4   	4   	4   
90        	91        	1         	b    	-20.4685952361	1.29e-09      	0   	1000	0   	1000	4   	4   	4   	4   
90        	92        	1         	b    	-20.4685952361	1.29e-09      	0   	1000	0   	1000	4   	4   	4   	4   
90        	103       	1         	b    	-21.8348346286	3.2904e-10    	3.0026	1000	3.0026	1000	1   	1   	1   	1   
51        	91        	1         	b    	-59.5393598470	1.388e-26     	11.091	122.19	11.091	122.19	4   	4   	4   	4   
80        	91        	1         	b    	-28.8255957438	3.0283e-13    	1.0696	15.364	1.0696	15.364	4   	4   	4   	4   
81        	91        	1         	b    	-28.8255957438	3.0283e-13    	1.0696	15.364	1.0696	15.364	4   	4   	4   	4   
82        	91        	1         	b    	-28.8255957438	3.0283e-13    	1.0696	15.364	1.0696	15.364	4   	4   	4   	4   
91        	92        	1         	b    	-20.4685952361	1.29e-09      	0   	1000	0   	1000	4   	4   	4   	4   
91        	103       	1         	b    	-21.8348346286	3.2904e-10    	3.0026	1000	3.0026	1000	1   	1   	1   	1   
51        	92        	1         	b    	-59.5393598470	1.388e-26     	11.091	122.19	11.091	122.19	4   	4   	4   	4   
80        	92        	1         	b    	-28.8255957438	3.0283e-13    	1.0696	15.364	1.0696	15.364	4   	4   	4   	4   
81        	92        	1         	b    	-28.8255957438	3.0283e-13    	1.0696	15.364	1.0696	15.364	4   	4   	4   	4   
82        	92        	1         	b    	-28.8255957438	3.0283e-13    	1.0696	15.364	1.0696	15.364	4   	4   	4   	4   
92        	103       	1         	b    	-21.8348346286	3.2904e-10    	3.0026	1000	3.0026	1000	1   	1   	1   	1   
93        	94        	1         	b    	-28.6927716856	3.4585e-13    	0   	1000	0   	1000	4   	4   	4   	4   
93        	97        	1         	b    	-46.5253775610	6.2271e-21    	0   	231.1	0   	231.1	7   	7   	7   	7   
93        	98        	1         	b    	-28.6927716856	3.4585e-13    	0   	1000	0   	1000	4   	4   	4   	4   
94        	97        	1         	b    	-46.5253775610	6.2271e-21    	0   	231.1	0   	231.1	7   	7   	7   	7   
94        	98        	1         	b    	-28.6927716856	3.4585e-13    	0   	1000	0   	1000	4   	4   	4   	4   
95        	100       	1         	b    	-19.0444064408	5.3594e-09    	0   	1000	0   	1000	4   	4   	4   	4   
95        	101       	1         	b    	-19.0444064408	5.3594e-09    	0   	1000	0   	1000	4   	4   	4   	4   
96        	99        	1         	b    	-39.1342051075	1.0098e-17    	0   	1000	0   	1000	9   	9   	9   	9   
96        	102       	1         	b    	-39.1342051075	1.0098e-17    	0   	1000	0   	1000	9   	9   	9   	9   
15        	97        	1         	b    	-80.1901083223	1.4924e-35    	8.4586	36.89	8.4586	36.89	7   	7   	7   	7   
97        	98        	1         	b    	-42.7795317526	2.6368e-19    	3.0046	1000	3.0046	1000	4   	4   	4   	4   
99        	102       	1         	b    	-39.1342051075	1.0098e-17    	0   	1000	0   	1000	9   	9   	9   	9   
100       	101       	1         	b    	-19.0444064408	5.3594e-09    	0   	1000	0   	1000	4   	4   	4   	4   
26        	104       	1         	b    	-47.1953187465	3.1866e-21    	0   	22.975	0   	22.975	9   	9   	9   	9   
27        	104       	1         	b    	-47.1953187465	3.1866e-21    	0   	22.975	0   	22.975	9   	9   	9   	9   
28        	104       	1         	b    	-47.1953187465	3.1866e-21    	0   	22.975	0   	22.975	9   	9   	9   	9   
89        	105       	1         	b    	-81.0116477563	6.5628e-36    	2.3261	14.266	2.3261	14.266	16  	16  	16  	16  
90        	105       	1         	b    	-81.0116477563	6.5628e-36    	2.3261	14.266	2.3261	14.266	16  	16  	16  	16  
91        	105       	1         	b    	-81.0116477563	6.5628e-36    	2.3261	14.266	2.3261	14.266	16  	16  	16  	16  
92        	105       	1         	b    	-81.0116477563	6.5628e-36    	2.3261	14.266	2.3261	14.266	16  	16  	16  	16  
95        	105       	1         	b    	-79.8797283797	2.0355e-35    	2.3299	14.127	2.3299	14.127	16  	16  	16  	16  
96        	105       	1         	b    	-100.1609788429	3.1669e-44    	9.1361	0   	9.1361	0   	16  	16  	16  	16  
99        	105       	1         	b    	-100.1609788429	3.1669e-44    	9.1361	0   	9.1361	0   	16  	16  	16  	16  
100       	105       	1         	b    	-79.8797283797	2.0355e-35    	2.3299	14.127	2.3299	14.127	16  	16  	16  	16  
101       	105       	1         	b    	-79.8797283797	2.0355e-35    	2.3299	14.127	2.3299	14.127	16  	16  	16  	16  
102       	105       	1         	b    	-100.1609788429	3.1669e-44    	9.1361	0   	9.1361	0   	16  	16  	16  	16  
105       	106       	1         	b    	-68.6251119379	1.5721e-30    	0   	1000	0   	1000	16  	16  	16  	16  
105       	107       	1         	b    	-72.1403624901	4.6756e-32    	1.0098	1000	1.0098	1000	15  	15  	15  	15  
105       	108       	1         	b    	-68.6251119379	1.5721e-30    	0   	1000	0   	1000	16  	16  	16  	16  
105       	109       	1         	b    	-72.1403624901	4.6756e-32    	1.0098	1000	1.0098	1000	15  	15  	15  	15  
105       	110       	1         	b    	-68.6251119379	1.5721e-30    	0   	1000	0   	1000	16  	16  	16  	16  
105       	111       	1         	b    	-68.6251119379	1.5721e-30    	0   	1000	0   	1000	16  	16  	16  	16  
89        	106       	1         	b    	-81.0116477563	6.5628e-36    	2.3261	14.266	2.3261	14.266	16  	16  	16  	16  
90        	106       	1         	b    	-81.0116477563	6.5628e-36    	2.3261	14.266	2.3261	14.266	16  	16  	16  	16  
91        	106       	1         	b    	-81.0116477563	6.5628e-36    	2.3261	14.266	2.3261	14.266	16  	16  	16  	16  
92        	106       	1         	b    	-81.0116477563	6.5628e-36    	2.3261	14.266	2.3261	14.266	16  	16  	16  	16  
95        	106       	1         	b    	-79.8797283797	2.0355e-35    	2.3299	14.127	2.3299	14.127	16  	16  	16  	16  
96        	106       	1         	b    	-100.1609788429	3.1669e-44    	9.1361	0   	9.1361	0   	16  	16  	16  	16  
99        	106       	1         	b    	-100.1609788429	3.1669e-44    	9.1361	0   	9.1361	0   	16  	16  	16  	16  
100       	106       	1         	b    	-79.8797283797	2.0355e-35    	2.3299	14.127	2.3299	14.127	16  	16  	16  	16  
101       	106       	1         	b    	-79.8797283797	2.0355e-35    	2.3299	14.127	2.3299	14.127	16  	16  	16  	16  
102       	106       	1         	b    	-100.1609788429	3.1669e-44    	9.1361	0   	9.1361	0   	16  	16  	16  	16  
106       	107       	1         	b    	-72.1403624901	4.6756e-32    	1.0098	1000	1.0098	1000	15  	15  	15  	15  
106       	108       	1         	b    	-68.6251119379	1.5721e-30    	0   	1000	0   	1000	16  	16  	16  	16  
106       	109       	1         	b    	-72.1403624901	4.6756e-32    	1.0098	1000	1.0098	1000	15  	15  	15  	15  
106       	110       	1         	b    	-68.6251119379	1.5721e-30    	0   	1000	0   	1000	16  	16  	16  	16  
106       	111       	1         	b    	-68.6251119379	1.5721e-30    	0   	1000	0   	1000	16  	16  	16  	16  
89        	107       	1         	b    	-78.3994658651	8.9443e-35    	2.3088	14.953	2.3088	14.953	15  	15  	15  	15  
90        	107       	1         	b    	-78.3994658651	8.9443e-35    	2.3088	14.953	2.3088	14.953	15  	15  	15  	15  
91        	107       	1         	b    	-78.3994658651	8.9443e-35    	2.3088	14.953	2.3088	14.953	15  	15  	15  	15  
92        	107       	1         	b    	-78.3994658651	8.9443e-35    	2.3088	14.953	2.3088	14.953	15  	15  	15  	15  
95        	107       	1         	b    	-77.2685091558	2.7715e-34    	2.3125	14.8	2.3125	14.8	15  	15  	15  	15  
96        	107       	1         	b    	-97.6277788272	3.9884e-43    	9.1361	0   	9.1361	0   	15  	15  	15  	15  
99        	107       	1         	b    	-97.6277788272	3.9884e-43    	9.1361	0   	9.1361	0   	15  	15  	15  	15  
100       	107       	1         	b    	-77.2685091558	2.7715e-34    	2.3125	14.8	2.3125	14.8	15  	15  	15  	15  
101       	107       	1         	b    	-77.2685091558	2.7715e-34    	2.3125	14.8	2.3125	14.8	15  	15  	15  	15  
102       	107       	1         	b    	-97.6277788272	3.9884e-43    	9.1361	0   	9.1361	0   	15  	15  	15  	15  
107       	108       	1         	b    	-73.9289755630	7.8172e-33    	0   	1000	0   	1000	16  	16  	16  	16  
107       	109       	1         	b    	-65.8762314767	2.4565e-29    	0   	1000	0   	1000	15  	15  	15  	15  
107       	110       	1         	b    	-73.9289755630	7.8172e-33    	0   	1000	0   	1000	16  	16  	16  	16  
107       	111       	1         	b    	-73.9289755630	7.8172e-33    	0   	1000	0   	1000	16  	16  	16  	16  
89        	108       	1         	b    	-81.0116477563	6.5628e-36    	2.3261	14.266	2.3261	14.266	16  	16  	16  	16  
90        	108       	1         	b    	-81.0116477563	6.5628e-36    	2.3261	14.266	2.3261	14.266	16  	16  	16  	16  
91        	108       	1         	b    	-81.0116477563	6.5628e-36    	2.3261	14.266	2.3261	14.266	16  	16  	16  	16  
92        	108       	1         	b    	-81.0116477563	6.5628e-36    	2.3261	14.266	2.3261	14.266	16  	16  	16  	16  
95        	108       	1         	b    	-79.8797283797	2.0355e-35    	2.3299	14.127	2.3299	14.127	16  	16  	16  	16  
96        	108       	1         	b    	-100.1609788429	3.1669e-44    	9.1361	0   	9.1361	0   	16  	16  	16  	16  
99        	108       	1         	b    	-100.1609788429	3.1669e-44    	9.1361	0   	9.1361	0   	16  	16  	16  	16  
100       	108       	1         	b    	-79.8797283797	2.0355e-35    	2.3299	14.127	2.3299	14.127	16  	16  	16  	16  
101       	108       	1         	b    	-79.8797283797	2.0355e-35    	2.3299	14.127	2.3299	14.127	16  	16  	16  	16  
102       	108       	1         	b    	-100.1609788429	3.1669e-44    	9.1361	0   	9.1361	0   	16  	16  	16  	16  
108       	109       	1         	b    	-72.1403624901	4.6756e-32    	1.0098	1000	1.0098	1000	15  	15  	15  	15  
108       	110       	1         	b    	-68.6251119379	1.5721e-30    	0   	1000	0   	1000	16  	16  	16  	16  
108       	111       	1         	b    	-68.6251119379	1.5721e-30    	0   	1000	0   	1000	16  	16  	16  	16  
89        	109       	1         	b    	-78.3994658651	8.9443e-35    	2.3088	14.953	2.3088	14.953	15  	15  	15  	15  
90        	109       	1         	b    	-78.3994658651	8.9443e-35    	2.3088	14.953	2.3088	14.953	15  	15  	15  	15  
91        	109       	1         	b    	-78.3994658651	8.9443e-35    	2.3088	14.953	2.3088	14.953	15  	15  	15  	15  
92        	109       	1         	b    	-78.3994658651	8.9443e-35    	2.3088	14.953	2.3088	14.953	15  	15  	15  	15  
95        	109       	1         	b    	-77.2685091558	2.7715e-34    	2.3125	14.8	2.3125	14.8	15  	15  	15  	15  
96        	109       	1         	b    	-97.6277788272	3.9884e-43    	9.1361	0   	9.1361	0   	15  	15  	15  	15  
99        	109       	1         	b    	-97.6277788272	3.9884e-43    	9.1361	0   	9.1361	0   	15  	15  	15  	15  
100       	109       	1         	b    	-77.2685091558	2.7715e-34    	2.3125	14.8	2.3125	14.8	15  	15  	15  	15  
101       	109       	1         	b    	-77.2685091558	2.7715e-34    	2.3125	14.8	2.3125	14.8	15  	15  	15  	15  
102       	109       	1         	b    	-97.6277788272	3.9884e-43    	9.1361	0   	9.1361	0   	15  	15  	15  	15  
109       	110       	1         	b    	-73.9289755630	7.8172e-33    	0   	1000	0   	1000	16  	16  	16  	16  
109       	111       	1         	b    	-73.9289755630	7.8172e-33    	0   	1000	0   	1000	16  	16  	16  	16  
89        	110       	1         	b    	-81.0116477563	6.5628e-36    	2.3261	14.266	2.3261	14.266	16  	16  	16  	16  
90        	110       	1         	b    	-81.0116477563	6.5628e-36    	2.3261	14.266	2.3261	14.266	16  	16  	16  	16  
91        	110       	1         	b    	-81.0116477563	6.5628e-36    	2.3261	14.266	2.3261	14.266	16  	16  	16  	16  
92        	110       	1         	b    	-81.0116477563	6.5628e-36    	2.3261	14.266	2.3261	14.266	16  	16  	16  	16  
95        	110       	1         	b    	-79.8797283797	2.0355e-35    	2.3299	14.127	2.3299	14.127	16  	16  	16  	16  
96        	110       	1         	b    	-100.1609788429	3.1669e-44    	9.1361	0   	9.1361	0   	16  	16  	16  	16  
99        	110       	1         	b    	-100.1609788429	3.1669e-44    	9.1361	0   	9.1361	0   	16  	16  	16  	16  
100       	110       	1         	b    	-79.8797283797	2.0355e-35    	2.3299	14.127	2.3299	14.127	16  	16  	16  	16  
101       	110       	1         	b    	-79.8797283797	2.0355e-35    	2.3299	14.127	2.3299	14.127	16  	16  	16  	16  
102       	110       	1         	b    	-100.1609788429	3.1669e-44    	9.1361	0   	9.1361	0   	16  	16  	16  	16  
110       	111       	1         	b    	-68.6251119379	1.5721e-30    	0   	1000	0   	1000	16  	16  	16  	16  
89        	111       	1         	b    	-81.0116477563	6.5628e-36    	2.3261	14.266	2.3261	14.266	16  	16  	16  	16  
90        	111       	1         	b    	-81.0116477563	6.5628e-36    	2.3261	14.266	2.3261	14.266	16  	16  	16  	16  
91        	111       	1         	b    	-81.0116477563	6.5628e-36    	2.3261	14.266	2.3261	14.266	16  	16  	16  	16  
92        	111       	1         	b    	-81.0116477563	6.5628e-36    	2.3261	14.266	2.3261	14.266	16  	16  	16  	16  
95        	111       	1         	b    	-79.8797283797	2.0355e-35    	2.3299	14.127	2.3299	14.127	16  	16  	16  	16  
96        	111       	1         	b    	-100.1609788429	3.1669e-44    	9.1361	0   	9.1361	0   	16  	16  	16  	16  
99        	111       	1         	b    	-100.1609788429	3.1669e-44    	9.1361	0   	9.1361	0   	16  	16  	16  	16  
100       	111       	1         	b    	-79.8797283797	2.0355e-35    	2.3299	14.127	2.3299	14.127	16  	16  	16  	16  
101       	111       	1         	b    	-79.8797283797	2.0355e-35    	2.3299	14.127	2.3299	14.127	16  	16  	16  	16  
102       	111       	1         	b    	-100.1609788429	3.1669e-44    	9.1361	0   	9.1361	0   	16  	16  	16  	16  
95        	112       	1         	b    	-127.7127290749	3.4282e-56    	0   	4.3527	0   	4.3527	27  	27  	27  	27  
100       	112       	1         	b    	-127.7127290749	3.4282e-56    	0   	4.3527	0   	4.3527	27  	27  	27  	27  
101       	112       	1         	b    	-127.7127290749	3.4282e-56    	0   	4.3527	0   	4.3527	27  	27  	27  	27  
112       	113       	1         	b    	-167.6429214176	1.5617e-73    	1e-07	707.46	1e-07	707.46	32  	32  	32  	32  
112       	114       	1         	b    	-211.4223333328	1.5151e-92    	1e-07	100.15	1e-07	100.15	42  	42  	42  	42  
112       	115       	1         	b    	-167.6429214176	1.5617e-73    	1e-07	707.46	1e-07	707.46	32  	32  	32  	32  
112       	116       	1         	b    	-167.6429214176	1.5617e-73    	1e-07	707.46	1e-07	707.46	32  	32  	32  	32  
112       	117       	1         	b    	-167.6429214176	1.5617e-73    	1e-07	707.46	1e-07	707.46	32  	32  	32  	32  
112       	118       	1         	b    	-133.8072214290	7.7315e-59    	1e-07	1000	1e-07	1000	27  	27  	27  	27  
95        	113       	1         	b    	-138.6164120255	6.3046e-61    	0   	4.3527	0   	4.3527	32  	32  	32  	32  
100       	113       	1         	b    	-138.6164120255	6.3046e-61    	0   	4.3527	0   	4.3527	32  	32  	32  	32  
101       	113       	1         	b    	-138.6164120255	6.3046e-61    	0   	4.3527	0   	4.3527	32  	32  	32  	32  
113       	114       	1         	b    	-217.0494569014	5.4528e-95    	1e-07	132.16	1e-07	132.16	42  	42  	42  	42  
113       	115       	1         	b    	-148.3509232985	3.7326e-65    	1e-07	1000	1e-07	1000	32  	32  	32  	32  
113       	116       	1         	b    	-148.3509232985	3.7326e-65    	1e-07	1000	1e-07	1000	32  	32  	32  	32  
113       	117       	1         	b    	-148.3509232985	3.7326e-65    	1e-07	1000	1e-07	1000	32  	32  	32  	32  
113       	118       	1         	b    	-161.9056175809	4.8449e-71    	6.0819	1000	6.0819	1000	27  	27  	27  	27  
44        	114       	1         	b    	-172.3684007441	1.3847e-75    	0   	13.715	0   	13.715	42  	42  	42  	42  
114       	115       	1         	b    	-197.8025115720	1.2458e-86    	17.243	1000	17.243	1000	32  	32  	32  	32  
114       	116       	1         	b    	-197.8025115720	1.2458e-86    	17.243	1000	17.243	1000	32  	32  	32  	32  
114       	117       	1         	b    	-197.8025115720	1.2458e-86    	17.243	1000	17.243	1000	32  	32  	32  	32  
114       	118       	1         	b    	-198.2510770593	7.9552e-87    	23.229	1000	23.229	1000	27  	27  	27  	27  
95        	115       	1         	b    	-138.6164120255	6.3046e-61    	0   	4.3527	0   	4.3527	32  	32  	32  	32  
100       	115       	1         	b    	-138.6164120255	6.3046e-61    	0   	4.3527	0   	4.3527	32  	32  	32  	32  
101       	115       	1         	b    	-138.6164120255	6.3046e-61    	0   	4.3527	0   	4.3527	32  	32  	32  	32  
115       	116       	1         	b    	-148.3509232985	3.7326e-65    	1e-07	1000	1e-07	1000	32  	32  	32  	32  
115       	117       	1         	b    	-148.3509232985	3.7326e-65    	1e-07	1000	1e-07	1000	32  	32  	32  	32  
115       	118       	1         	b    	-161.9056175809	4.8449e-71    	6.0819	1000	6.0819	1000	27  	27  	27  	27  
95        	116       	1         	b    	-138.6164120255	6.3046e-61    	0   	4.3527	0   	4.3527	32  	32  	32  	32  
100       	116       	1         	b    	-138.6164120255	6.3046e-61    	0   	4.3527	0   	4.3527	32  	32  	32  	32  
101       	116       	1         	b    	-138.6164120255	6.3046e-61    	0   	4.3527	0   	4.3527	32  	32  	32  	32  
116       	117       	1         	b    	-148.3509232985	3.7326e-65    	1e-07	1000	1e-07	1000	32  	32  	32  	32  
116       	118       	1         	b    	-161.9056175809	4.8449e-71    	6.0819	1000	6.0819	1000	27  	27  	27  	27  
95        	117       	1         	b    	-138.6164120255	6.3046e-61    	0   	4.3527	0   	4.3527	32  	32  	32  	32  
100       	117       	1         	b    	-138.6164120255	6.3046e-61    	0   	4.3527	0   	4.3527	32  	32  	32  	32  
101       	117       	1         	b    	-138.6164120255	6.3046e-61    	0   	4.3527	0   	4.3527	32  	32  	32  	32  
117       	118       	1         	b    	-161.9056175809	4.8449e-71    	6.0819	1000	6.0819	1000	27  	27  	27  	27  
95        	118       	1         	b    	-127.7127290749	3.4282e-56    	0   	4.3527	0   	4.3527	27  	27  	27  	27  
100       	118       	1         	b    	-127.7127290749	3.4282e-56    	0   	4.3527	0   	4.3527	27  	27  	27  	27  
101       	118       	1         	b    	-127.7127290749	3.4282e-56    	0   	4.3527	0   	4.3527	27  	27  	27  	27  
119       	120       	1         	b    	-9.9678046597 	4.6885e-05    	0   	1000	0   	1000	2   	2   	2   	2   
119       	121       	1         	b    	-9.9678046597 	4.6885e-05    	0   	1000	0   	1000	2   	2   	2   	2   
119       	122       	1         	b    	-9.9678046597 	4.6885e-05    	0   	1000	0   	1000	2   	2   	2   	2   
119       	123       	1         	b    	-9.9678046597 	4.6885e-05    	0   	1000	0   	1000	2   	2   	2   	2   
119       	124       	1         	b    	-9.9678046597 	4.6885e-05    	0   	1000	0   	1000	2   	2   	2   	2   
119       	125       	1         	b    	-9.9678046597 	4.6885e-05    	0   	1000	0   	1000	2   	2   	2   	2   
119       	126       	1         	b    	-9.9678046597 	4.6885e-05    	0   	1000	0   	1000	2   	2   	2   	2   
119       	127       	1         	b    	-9.9678046597 	4.6885e-05    	0   	1000	0   	1000	2   	2   	2   	2   
120       	121       	1         	b    	-9.9678046597 	4.6885e-05    	0   	1000	0   	1000	2   	2   	2   	2   
120       	122       	1         	b    	-9.9678046597 	4.6885e-05    	0   	1000	0   	1000	2   	2   	2   	2   
120       	123       	1         	b    	-9.9678046597 	4.6885e-05    	0   	1000	0   	1000	2   	2   	2   	2   
120       	124       	1         	b    	-9.9678046597 	4.6885e-05    	0   	1000	0   	1000	2   	2   	2   	2   
120       	125       	1         	b    	-9.9678046597 	4.6885e-05    	0   	1000	0   	1000	2   	2   	2   	2   
120       	126       	1         	b    	-9.9678046597 	4.6885e-05    	0   	1000	0   	1000	2   	2   	2   	2   
120       	127       	1         	b    	-9.9678046597 	4.6885e-05    	0   	1000	0   	1000	2   	2   	2   	2   
121       	122       	1         	b    	-9.9678046597 	4.6885e-05    	0   	1000	0   	1000	2   	2   	2   	2   
121       	123       	1         	b    	-9.9678046597 	4.6885e-05    	0   	1000	0   	1000	2   	2   	2   	2   
121       	124       	1         	b    	-9.9678046597 	4.6885e-05    	0   	1000	0   	1000	2   	2   	2   	2   
121       	125       	1         	b    	-9.9678046597 	4.6885e-05    	0   	1000	0   	1000	2   	2   	2   	2   
121       	126       	1         	b    	-9.9678046597 	4.6885e-05    	0   	1000	0   	1000	2   	2   	2   	2   
121       	127       	1         	b    	-9.9678046597 	4.6885e-05    	0   	1000	0   	1000	2   	2   	2   	2   
122       	123       	1         	b    	-9.9678046597 	4.6885e-05    	0   	1000	0   	1000	2   	2   	2   	2   
122       	124       	1         	b    	-9.9678046597 	4.6885e-05    	0   	1000	0   	1000	2   	2   	2   	2   
122       	125       	1         	b    	-9.9678046597 	4.6885e-05    	0   	1000	0   	1000	2   	2   	2   	2   
122       	126       	1         	b    	-9.9678046597 	4.6885e-05    	0   	1000	0   	1000	2   	2   	2   	2   
122       	127       	1         	b    	-9.9678046597 	4.6885e-05    	0   	1000	0   	1000	2   	2   	2   	2   
123       	124       	1         	b    	-9.9678046597 	4.6885e-05    	0   	1000	0   	1000	2   	2   	2   	2   
123       	125       	1         	b    	-9.9678046597 	4.6885e-05    	0   	1000	0   	1000	2   	2   	2   	2   
123       	126       	1         	b    	-9.9678046597 	4.6885e-05    	0   	1000	0   	1000	2   	2   	2   	2   
123       	127       	1         	b    	-9.9678046597 	4.6885e-05    	0   	1000	0   	1000	2   	2   	2   	2   
124       	125       	1         	b    	-9.9678046597 	4.6885e-05    	0   	1000	0   	1000	2   	2   	2   	2   
124       	126       	1         	b    	-9.9678046597 	4.6885e-05    	0   	1000	0   	1000	2   	2   	2   	2   
124       	127       	1         	b    	-9.9678046597 	4.6885e-05    	0   	1000	0   	1000	2   	2   	2   	2   
125       	126       	1         	b    	-9.9678046597 	4.6885e-05    	0   	1000	0   	1000	2   	2   	2   	2   
125       	127       	1         	b    	-9.9678046597 	4.6885e-05    	0   	1000	0   	1000	2   	2   	2   	2   
126       	127       	1         	b    	-9.9678046597 	4.6885e-05    	0   	1000	0   	1000	2   	2   	2   	2   
