Event1    	Event2    	Tree      	Model	lnML          	ML            	mu1 	mu1star	nu1 	nu1star	mu2 	mu2star	nu2 	nu2star
4         	21        	1         	i    	-11.5610392766	9.5303e-06    	1   	1   	1   	1   	1   	1   	1   	1   
4         	95        	1         	i    	-24.4476686333	2.4128e-11    	1   	1   	1   	1   	4   	4   	4   	4   
4         	100       	1         	i    	-24.4476686333	2.4128e-11    	1   	1   	1   	1   	4   	4   	4   	4   
4         	101       	1         	i    	-24.4476686333	2.4128e-11    	1   	1   	1   	1   	4   	4   	4   	4   
7         	8         	1         	i    	-133.3021641780	1.2812e-58    	8   	8   	8   	8   	20  	20  	20  	20  
7         	22        	1         	i    	-79.1891216081	4.0607e-35    	8   	8   	8   	8   	10  	10  	10  	10  
7         	23        	1         	i    	-48.2452095719	1.1152e-21    	8   	8   	8   	8   	1   	1   	1   	1   
7         	24        	1         	i    	-48.2452095719	1.1152e-21    	8   	8   	8   	8   	1   	1   	1   	1   
7         	43        	1         	i    	-66.4509815850	1.3826e-29    	8   	8   	8   	8   	5   	5   	5   	5   
7         	44        	1         	i    	-83.5911189334	4.9755e-37    	8   	8   	8   	8   	12  	12  	12  	12  
7         	45        	1         	i    	-48.2452095719	1.1152e-21    	8   	8   	8   	8   	1   	1   	1   	1   
7         	47        	1         	i    	-48.2452095719	1.1152e-21    	8   	8   	8   	8   	1   	1   	1   	1   
8         	22        	1         	i    	-135.0019060397	2.3411e-59    	20  	20  	20  	20  	10  	10  	10  	10  
8         	43        	1         	i    	-120.8774716554	3.1885e-53    	20  	20  	20  	20  	5   	5   	5   	5   
8         	44        	1         	i    	-140.0970505455	1.4342e-61    	20  	20  	20  	20  	12  	12  	12  	12  
8         	51        	1         	i    	-133.9712760700	6.5617e-59    	20  	20  	20  	20  	12  	12  	12  	12  
11        	22        	1         	i    	-70.2706838122	3.0327e-31    	5   	5   	5   	5   	10  	10  	10  	10  
11        	23        	1         	i    	-37.9404774149	3.3317e-17    	5   	5   	5   	5   	1   	1   	1   	1   
11        	24        	1         	i    	-37.9404774149	3.3317e-17    	5   	5   	5   	5   	1   	1   	1   	1   
11        	44        	1         	i    	-74.6726811375	3.7159e-33    	5   	5   	5   	5   	12  	12  	12  	12  
11        	45        	1         	i    	-37.9404774149	3.3317e-17    	5   	5   	5   	5   	1   	1   	1   	1   
11        	46        	1         	i    	-62.9822812913	4.4375e-28    	5   	5   	5   	5   	8   	8   	8   	8   
11        	47        	1         	i    	-37.9404774149	3.3317e-17    	5   	5   	5   	5   	1   	1   	1   	1   
12        	13        	1         	i    	-96.8649308587	8.5525e-43    	12  	12  	12  	12  	9   	9   	9   	9   
12        	15        	1         	i    	-98.9670049054	1.0451e-43    	12  	12  	12  	12  	10  	10  	10  	10  
12        	43        	1         	i    	-79.6357766539	2.5979e-35    	12  	12  	12  	12  	5   	5   	5   	5   
12        	63        	1         	i    	-101.3669490241	9.4819e-45    	12  	12  	12  	12  	14  	14  	14  	14  
12        	64        	1         	i    	-101.3669490241	9.4819e-45    	12  	12  	12  	12  	14  	14  	14  	14  
12        	65        	1         	i    	-101.3669490241	9.4819e-45    	12  	12  	12  	12  	14  	14  	14  	14  
12        	66        	1         	i    	-101.3669490241	9.4819e-45    	12  	12  	12  	12  	14  	14  	14  	14  
12        	67        	1         	i    	-101.3669490241	9.4819e-45    	12  	12  	12  	12  	14  	14  	14  	14  
13        	15        	1         	i    	-93.3592602410	2.8483e-41    	9   	9   	9   	9   	10  	10  	10  	10  
13        	43        	1         	i    	-73.3348848089	1.416e-32     	9   	9   	9   	9   	5   	5   	5   	5   
13        	44        	1         	i    	-89.0887277962	2.0382e-39    	9   	9   	9   	9   	12  	12  	12  	12  
15        	43        	1         	i    	-75.4369588557	1.7304e-33    	10  	10  	10  	10  	5   	5   	5   	5   
7         	16        	1         	i    	-65.4901317449	3.6141e-29    	8   	8   	8   	8   	3   	3   	3   	3   
8         	16        	1         	i    	-119.2234746348	1.6669e-52    	20  	20  	20  	20  	3   	3   	3   	3   
11        	16        	1         	i    	-55.1853995879	1.0797e-24    	5   	5   	5   	5   	3   	3   	3   	3   
13        	16        	1         	i    	-70.9877406077	1.4805e-31    	9   	9   	9   	9   	3   	3   	3   	3   
15        	16        	1         	i    	-73.7829618350	9.0462e-33    	10  	10  	10  	10  	3   	3   	3   	3   
16        	22        	1         	i    	-67.8830207872	3.302e-30     	3   	3   	3   	3   	10  	10  	10  	10  
16        	23        	1         	i    	-38.3254031120	2.2672e-17    	3   	3   	3   	3   	1   	1   	1   	1   
16        	24        	1         	i    	-38.3254031120	2.2672e-17    	3   	3   	3   	3   	1   	1   	1   	1   
16        	43        	1         	i    	-55.8380279446	5.6215e-25    	3   	3   	3   	3   	5   	5   	5   	5   
16        	44        	1         	i    	-72.2850181124	4.0459e-32    	3   	3   	3   	3   	12  	12  	12  	12  
16        	45        	1         	i    	-38.3254031120	2.2672e-17    	3   	3   	3   	3   	1   	1   	1   	1   
16        	47        	1         	i    	-38.3254031120	2.2672e-17    	3   	3   	3   	3   	1   	1   	1   	1   
21        	95        	1         	i    	-24.4476686333	2.4128e-11    	1   	1   	1   	1   	4   	4   	4   	4   
21        	100       	1         	i    	-24.4476686333	2.4128e-11    	1   	1   	1   	1   	4   	4   	4   	4   
21        	101       	1         	i    	-24.4476686333	2.4128e-11    	1   	1   	1   	1   	4   	4   	4   	4   
22        	44        	1         	i    	-90.8360382396	3.5515e-40    	10  	10  	10  	10  	12  	12  	12  	12  
22        	46        	1         	i    	-75.6799024906	1.3572e-33    	10  	10  	10  	10  	8   	8   	8   	8   
22        	60        	1         	i    	-78.2172328231	1.0732e-34    	10  	10  	10  	10  	8   	8   	8   	8   
8         	23        	1         	i    	-101.9785524618	5.1437e-45    	20  	20  	20  	20  	1   	1   	1   	1   
13        	23        	1         	i    	-53.7428184347	4.5687e-24    	9   	9   	9   	9   	1   	1   	1   	1   
15        	23        	1         	i    	-56.5380396620	2.7915e-25    	10  	10  	10  	10  	1   	1   	1   	1   
22        	23        	1         	i    	-50.6380986142	1.019e-22     	10  	10  	10  	10  	1   	1   	1   	1   
23        	24        	1         	i    	-21.0804809390	6.9962e-10    	1   	1   	1   	1   	1   	1   	1   	1   
23        	43        	1         	i    	-38.5931057716	1.7347e-17    	1   	1   	1   	1   	5   	5   	5   	5   
23        	44        	1         	i    	-55.0400959394	1.2485e-24    	1   	1   	1   	1   	12  	12  	12  	12  
23        	45        	1         	i    	-21.0804809390	6.9962e-10    	1   	1   	1   	1   	1   	1   	1   	1   
23        	47        	1         	i    	-21.0804809390	6.9962e-10    	1   	1   	1   	1   	1   	1   	1   	1   
8         	24        	1         	i    	-101.9785524618	5.1437e-45    	20  	20  	20  	20  	1   	1   	1   	1   
13        	24        	1         	i    	-53.7428184347	4.5687e-24    	9   	9   	9   	9   	1   	1   	1   	1   
15        	24        	1         	i    	-56.5380396620	2.7915e-25    	10  	10  	10  	10  	1   	1   	1   	1   
22        	24        	1         	i    	-50.6380986142	1.019e-22     	10  	10  	10  	10  	1   	1   	1   	1   
24        	43        	1         	i    	-38.5931057716	1.7347e-17    	1   	1   	1   	1   	5   	5   	5   	5   
24        	44        	1         	i    	-55.0400959394	1.2485e-24    	1   	1   	1   	1   	12  	12  	12  	12  
24        	45        	1         	i    	-21.0804809390	6.9962e-10    	1   	1   	1   	1   	1   	1   	1   	1   
24        	47        	1         	i    	-21.0804809390	6.9962e-10    	1   	1   	1   	1   	1   	1   	1   	1   
26        	27        	1         	i    	-11.5714547500	9.4315e-06    	1   	1   	1   	1   	1   	1   	1   	1   
26        	28        	1         	i    	-11.5714547500	9.4315e-06    	1   	1   	1   	1   	1   	1   	1   	1   
27        	28        	1         	i    	-11.5714547500	9.4315e-06    	1   	1   	1   	1   	1   	1   	1   	1   
4         	43        	1         	i    	-33.8333849404	2.0246e-15    	1   	1   	1   	1   	5   	5   	5   	5   
21        	43        	1         	i    	-33.8333849404	2.0246e-15    	1   	1   	1   	1   	5   	5   	5   	5   
22        	43        	1         	i    	-68.8438706273	1.2632e-30    	10  	10  	10  	10  	5   	5   	5   	5   
43        	44        	1         	i    	-73.2458679525	1.5478e-32    	5   	5   	5   	5   	12  	12  	12  	12  
43        	45        	1         	i    	-38.5931057716	1.7347e-17    	5   	5   	5   	5   	1   	1   	1   	1   
43        	47        	1         	i    	-38.5931057716	1.7347e-17    	5   	5   	5   	5   	1   	1   	1   	1   
44        	46        	1         	i    	-80.0818998158	1.6629e-35    	12  	12  	12  	12  	8   	8   	8   	8   
44        	60        	1         	i    	-82.6192301484	1.315e-36     	12  	12  	12  	12  	8   	8   	8   	8   
8         	45        	1         	i    	-101.9785524618	5.1437e-45    	20  	20  	20  	20  	1   	1   	1   	1   
13        	45        	1         	i    	-53.7428184347	4.5687e-24    	9   	9   	9   	9   	1   	1   	1   	1   
15        	45        	1         	i    	-56.5380396620	2.7915e-25    	10  	10  	10  	10  	1   	1   	1   	1   
22        	45        	1         	i    	-50.6380986142	1.019e-22     	10  	10  	10  	10  	1   	1   	1   	1   
44        	45        	1         	i    	-55.0400959394	1.2485e-24    	12  	12  	12  	12  	1   	1   	1   	1   
45        	47        	1         	i    	-21.0804809390	6.9962e-10    	1   	1   	1   	1   	1   	1   	1   	1   
46        	114       	1         	i    	-162.9682242227	1.6742e-71    	8   	8   	8   	8   	42  	42  	42  	42  
8         	47        	1         	i    	-101.9785524618	5.1437e-45    	20  	20  	20  	20  	1   	1   	1   	1   
13        	47        	1         	i    	-53.7428184347	4.5687e-24    	9   	9   	9   	9   	1   	1   	1   	1   
15        	47        	1         	i    	-56.5380396620	2.7915e-25    	10  	10  	10  	10  	1   	1   	1   	1   
22        	47        	1         	i    	-50.6380986142	1.019e-22     	10  	10  	10  	10  	1   	1   	1   	1   
44        	47        	1         	i    	-55.0400959394	1.2485e-24    	12  	12  	12  	12  	1   	1   	1   	1   
48        	49        	1         	i    	-156.4951021509	1.084e-68     	18  	18  	18  	18  	17  	17  	17  	17  
48        	50        	1         	i    	-156.4951021509	1.084e-68     	18  	18  	18  	18  	17  	17  	17  	17  
48        	119       	1         	i    	-86.3221407366	3.2417e-38    	18  	18  	18  	18  	2   	2   	2   	2   
48        	120       	1         	i    	-86.3221407366	3.2417e-38    	18  	18  	18  	18  	2   	2   	2   	2   
48        	121       	1         	i    	-86.3221407366	3.2417e-38    	18  	18  	18  	18  	2   	2   	2   	2   
48        	122       	1         	i    	-86.3221407366	3.2417e-38    	18  	18  	18  	18  	2   	2   	2   	2   
48        	123       	1         	i    	-86.3221407366	3.2417e-38    	18  	18  	18  	18  	2   	2   	2   	2   
48        	124       	1         	i    	-86.3221407366	3.2417e-38    	18  	18  	18  	18  	2   	2   	2   	2   
48        	125       	1         	i    	-86.3221407366	3.2417e-38    	18  	18  	18  	18  	2   	2   	2   	2   
48        	126       	1         	i    	-86.3221407366	3.2417e-38    	18  	18  	18  	18  	2   	2   	2   	2   
48        	127       	1         	i    	-86.3221407366	3.2417e-38    	18  	18  	18  	18  	2   	2   	2   	2   
49        	50        	1         	i    	-150.8585966735	3.0405e-66    	17  	17  	17  	17  	17  	17  	17  	17  
49        	119       	1         	i    	-80.6856352591	9.0923e-36    	17  	17  	17  	17  	2   	2   	2   	2   
49        	120       	1         	i    	-80.6856352591	9.0923e-36    	17  	17  	17  	17  	2   	2   	2   	2   
49        	121       	1         	i    	-80.6856352591	9.0923e-36    	17  	17  	17  	17  	2   	2   	2   	2   
49        	122       	1         	i    	-80.6856352591	9.0923e-36    	17  	17  	17  	17  	2   	2   	2   	2   
49        	123       	1         	i    	-80.6856352591	9.0923e-36    	17  	17  	17  	17  	2   	2   	2   	2   
49        	124       	1         	i    	-80.6856352591	9.0923e-36    	17  	17  	17  	17  	2   	2   	2   	2   
49        	125       	1         	i    	-80.6856352591	9.0923e-36    	17  	17  	17  	17  	2   	2   	2   	2   
49        	126       	1         	i    	-80.6856352591	9.0923e-36    	17  	17  	17  	17  	2   	2   	2   	2   
49        	127       	1         	i    	-80.6856352591	9.0923e-36    	17  	17  	17  	17  	2   	2   	2   	2   
50        	119       	1         	i    	-80.6856352591	9.0923e-36    	17  	17  	17  	17  	2   	2   	2   	2   
50        	120       	1         	i    	-80.6856352591	9.0923e-36    	17  	17  	17  	17  	2   	2   	2   	2   
50        	121       	1         	i    	-80.6856352591	9.0923e-36    	17  	17  	17  	17  	2   	2   	2   	2   
50        	122       	1         	i    	-80.6856352591	9.0923e-36    	17  	17  	17  	17  	2   	2   	2   	2   
50        	123       	1         	i    	-80.6856352591	9.0923e-36    	17  	17  	17  	17  	2   	2   	2   	2   
50        	124       	1         	i    	-80.6856352591	9.0923e-36    	17  	17  	17  	17  	2   	2   	2   	2   
50        	125       	1         	i    	-80.6856352591	9.0923e-36    	17  	17  	17  	17  	2   	2   	2   	2   
50        	126       	1         	i    	-80.6856352591	9.0923e-36    	17  	17  	17  	17  	2   	2   	2   	2   
50        	127       	1         	i    	-80.6856352591	9.0923e-36    	17  	17  	17  	17  	2   	2   	2   	2   
57        	58        	1         	i    	-12.2416072194	4.8254e-06    	1   	1   	1   	1   	1   	1   	1   	1   
59        	85        	1         	i    	-131.5791362352	7.1764e-58    	17  	17  	17  	17  	14  	14  	14  	14  
59        	88        	1         	i    	-131.5791362352	7.1764e-58    	17  	17  	17  	17  	14  	14  	14  	14  
59        	112       	1         	i    	-183.0880956003	3.0609e-80    	17  	17  	17  	17  	27  	27  	27  	27  
59        	113       	1         	i    	-193.9917785509	5.6291e-85    	17  	17  	17  	17  	32  	32  	32  	32  
59        	115       	1         	i    	-193.9917785509	5.6291e-85    	17  	17  	17  	17  	32  	32  	32  	32  
59        	116       	1         	i    	-193.9917785509	5.6291e-85    	17  	17  	17  	17  	32  	32  	32  	32  
59        	117       	1         	i    	-193.9917785509	5.6291e-85    	17  	17  	17  	17  	32  	32  	32  	32  
59        	118       	1         	i    	-183.0880956003	3.0609e-80    	17  	17  	17  	17  	27  	27  	27  	27  
4         	60        	1         	i    	-42.5135999556	3.4402e-19    	1   	1   	1   	1   	8   	8   	8   	8   
21        	60        	1         	i    	-42.5135999556	3.4402e-19    	1   	1   	1   	1   	8   	8   	8   	8   
57        	60        	1         	i    	-42.8538839271	2.4479e-19    	1   	1   	1   	1   	8   	8   	8   	8   
58        	60        	1         	i    	-42.8538839271	2.4479e-19    	1   	1   	1   	1   	8   	8   	8   	8   
61        	62        	1         	i    	-10.5169564911	2.7073e-05    	1   	1   	1   	1   	1   	1   	1   	1   
61        	78        	1         	i    	-16.3072836311	8.2763e-08    	1   	1   	1   	1   	2   	2   	2   	2   
62        	78        	1         	i    	-16.3072836311	8.2763e-08    	1   	1   	1   	1   	2   	2   	2   	2   
44        	63        	1         	i    	-94.9770403228	5.6493e-42    	12  	12  	12  	12  	14  	14  	14  	14  
63        	64        	1         	i    	-105.8063999696	1.1191e-46    	14  	14  	14  	14  	14  	14  	14  	14  
63        	65        	1         	i    	-105.8063999696	1.1191e-46    	14  	14  	14  	14  	14  	14  	14  	14  
63        	66        	1         	i    	-105.8063999696	1.1191e-46    	14  	14  	14  	14  	14  	14  	14  	14  
63        	67        	1         	i    	-105.8063999696	1.1191e-46    	14  	14  	14  	14  	14  	14  	14  	14  
63        	80        	1         	i    	-59.5130157423	1.425e-26     	14  	14  	14  	14  	2   	2   	2   	2   
63        	81        	1         	i    	-59.5130157423	1.425e-26     	14  	14  	14  	14  	2   	2   	2   	2   
63        	82        	1         	i    	-59.5130157423	1.425e-26     	14  	14  	14  	14  	2   	2   	2   	2   
44        	64        	1         	i    	-94.9770403228	5.6493e-42    	12  	12  	12  	12  	14  	14  	14  	14  
64        	65        	1         	i    	-105.8063999696	1.1191e-46    	14  	14  	14  	14  	14  	14  	14  	14  
64        	66        	1         	i    	-105.8063999696	1.1191e-46    	14  	14  	14  	14  	14  	14  	14  	14  
64        	67        	1         	i    	-105.8063999696	1.1191e-46    	14  	14  	14  	14  	14  	14  	14  	14  
64        	80        	1         	i    	-59.5130157423	1.425e-26     	14  	14  	14  	14  	2   	2   	2   	2   
64        	81        	1         	i    	-59.5130157423	1.425e-26     	14  	14  	14  	14  	2   	2   	2   	2   
64        	82        	1         	i    	-59.5130157423	1.425e-26     	14  	14  	14  	14  	2   	2   	2   	2   
44        	65        	1         	i    	-94.9770403228	5.6493e-42    	12  	12  	12  	12  	14  	14  	14  	14  
65        	66        	1         	i    	-105.8063999696	1.1191e-46    	14  	14  	14  	14  	14  	14  	14  	14  
65        	67        	1         	i    	-105.8063999696	1.1191e-46    	14  	14  	14  	14  	14  	14  	14  	14  
65        	80        	1         	i    	-59.5130157423	1.425e-26     	14  	14  	14  	14  	2   	2   	2   	2   
65        	81        	1         	i    	-59.5130157423	1.425e-26     	14  	14  	14  	14  	2   	2   	2   	2   
65        	82        	1         	i    	-59.5130157423	1.425e-26     	14  	14  	14  	14  	2   	2   	2   	2   
44        	66        	1         	i    	-94.9770403228	5.6493e-42    	12  	12  	12  	12  	14  	14  	14  	14  
66        	67        	1         	i    	-105.8063999696	1.1191e-46    	14  	14  	14  	14  	14  	14  	14  	14  
66        	80        	1         	i    	-59.5130157423	1.425e-26     	14  	14  	14  	14  	2   	2   	2   	2   
66        	81        	1         	i    	-59.5130157423	1.425e-26     	14  	14  	14  	14  	2   	2   	2   	2   
66        	82        	1         	i    	-59.5130157423	1.425e-26     	14  	14  	14  	14  	2   	2   	2   	2   
44        	67        	1         	i    	-94.9770403228	5.6493e-42    	12  	12  	12  	12  	14  	14  	14  	14  
67        	80        	1         	i    	-59.5130157423	1.425e-26     	14  	14  	14  	14  	2   	2   	2   	2   
67        	81        	1         	i    	-59.5130157423	1.425e-26     	14  	14  	14  	14  	2   	2   	2   	2   
67        	82        	1         	i    	-59.5130157423	1.425e-26     	14  	14  	14  	14  	2   	2   	2   	2   
68        	69        	1         	i    	-23.7200719666	4.9946e-11    	2   	2   	2   	2   	2   	2   	2   	2   
68        	70        	1         	i    	-23.7200719666	4.9946e-11    	2   	2   	2   	2   	2   	2   	2   	2   
68        	71        	1         	i    	-23.7200719666	4.9946e-11    	2   	2   	2   	2   	2   	2   	2   	2   
68        	72        	1         	i    	-23.7200719666	4.9946e-11    	2   	2   	2   	2   	2   	2   	2   	2   
68        	73        	1         	i    	-23.7200719666	4.9946e-11    	2   	2   	2   	2   	2   	2   	2   	2   
68        	74        	1         	i    	-23.7200719666	4.9946e-11    	2   	2   	2   	2   	2   	2   	2   	2   
68        	75        	1         	i    	-23.7200719666	4.9946e-11    	2   	2   	2   	2   	2   	2   	2   	2   
68        	76        	1         	i    	-23.7200719666	4.9946e-11    	2   	2   	2   	2   	2   	2   	2   	2   
68        	77        	1         	i    	-23.7200719666	4.9946e-11    	2   	2   	2   	2   	2   	2   	2   	2   
68        	78        	1         	i    	-22.5622677786	1.5898e-10    	2   	2   	2   	2   	2   	2   	2   	2   
69        	70        	1         	i    	-23.7200719666	4.9946e-11    	2   	2   	2   	2   	2   	2   	2   	2   
69        	71        	1         	i    	-23.7200719666	4.9946e-11    	2   	2   	2   	2   	2   	2   	2   	2   
69        	72        	1         	i    	-23.7200719666	4.9946e-11    	2   	2   	2   	2   	2   	2   	2   	2   
69        	73        	1         	i    	-23.7200719666	4.9946e-11    	2   	2   	2   	2   	2   	2   	2   	2   
69        	74        	1         	i    	-23.7200719666	4.9946e-11    	2   	2   	2   	2   	2   	2   	2   	2   
69        	75        	1         	i    	-23.7200719666	4.9946e-11    	2   	2   	2   	2   	2   	2   	2   	2   
69        	76        	1         	i    	-23.7200719666	4.9946e-11    	2   	2   	2   	2   	2   	2   	2   	2   
69        	77        	1         	i    	-23.7200719666	4.9946e-11    	2   	2   	2   	2   	2   	2   	2   	2   
69        	78        	1         	i    	-22.5622677786	1.5898e-10    	2   	2   	2   	2   	2   	2   	2   	2   
70        	71        	1         	i    	-23.7200719666	4.9946e-11    	2   	2   	2   	2   	2   	2   	2   	2   
70        	72        	1         	i    	-23.7200719666	4.9946e-11    	2   	2   	2   	2   	2   	2   	2   	2   
70        	73        	1         	i    	-23.7200719666	4.9946e-11    	2   	2   	2   	2   	2   	2   	2   	2   
70        	74        	1         	i    	-23.7200719666	4.9946e-11    	2   	2   	2   	2   	2   	2   	2   	2   
70        	75        	1         	i    	-23.7200719666	4.9946e-11    	2   	2   	2   	2   	2   	2   	2   	2   
70        	76        	1         	i    	-23.7200719666	4.9946e-11    	2   	2   	2   	2   	2   	2   	2   	2   
70        	77        	1         	i    	-23.7200719666	4.9946e-11    	2   	2   	2   	2   	2   	2   	2   	2   
70        	78        	1         	i    	-22.5622677786	1.5898e-10    	2   	2   	2   	2   	2   	2   	2   	2   
71        	72        	1         	i    	-23.7200719666	4.9946e-11    	2   	2   	2   	2   	2   	2   	2   	2   
71        	73        	1         	i    	-23.7200719666	4.9946e-11    	2   	2   	2   	2   	2   	2   	2   	2   
71        	74        	1         	i    	-23.7200719666	4.9946e-11    	2   	2   	2   	2   	2   	2   	2   	2   
71        	75        	1         	i    	-23.7200719666	4.9946e-11    	2   	2   	2   	2   	2   	2   	2   	2   
71        	76        	1         	i    	-23.7200719666	4.9946e-11    	2   	2   	2   	2   	2   	2   	2   	2   
71        	77        	1         	i    	-23.7200719666	4.9946e-11    	2   	2   	2   	2   	2   	2   	2   	2   
71        	78        	1         	i    	-22.5622677786	1.5898e-10    	2   	2   	2   	2   	2   	2   	2   	2   
72        	73        	1         	i    	-23.7200719666	4.9946e-11    	2   	2   	2   	2   	2   	2   	2   	2   
72        	74        	1         	i    	-23.7200719666	4.9946e-11    	2   	2   	2   	2   	2   	2   	2   	2   
72        	75        	1         	i    	-23.7200719666	4.9946e-11    	2   	2   	2   	2   	2   	2   	2   	2   
72        	76        	1         	i    	-23.7200719666	4.9946e-11    	2   	2   	2   	2   	2   	2   	2   	2   
72        	77        	1         	i    	-23.7200719666	4.9946e-11    	2   	2   	2   	2   	2   	2   	2   	2   
72        	78        	1         	i    	-22.5622677786	1.5898e-10    	2   	2   	2   	2   	2   	2   	2   	2   
73        	74        	1         	i    	-23.7200719666	4.9946e-11    	2   	2   	2   	2   	2   	2   	2   	2   
73        	75        	1         	i    	-23.7200719666	4.9946e-11    	2   	2   	2   	2   	2   	2   	2   	2   
73        	76        	1         	i    	-23.7200719666	4.9946e-11    	2   	2   	2   	2   	2   	2   	2   	2   
73        	77        	1         	i    	-23.7200719666	4.9946e-11    	2   	2   	2   	2   	2   	2   	2   	2   
73        	78        	1         	i    	-22.5622677786	1.5898e-10    	2   	2   	2   	2   	2   	2   	2   	2   
74        	75        	1         	i    	-23.7200719666	4.9946e-11    	2   	2   	2   	2   	2   	2   	2   	2   
74        	76        	1         	i    	-23.7200719666	4.9946e-11    	2   	2   	2   	2   	2   	2   	2   	2   
74        	77        	1         	i    	-23.7200719666	4.9946e-11    	2   	2   	2   	2   	2   	2   	2   	2   
74        	78        	1         	i    	-22.5622677786	1.5898e-10    	2   	2   	2   	2   	2   	2   	2   	2   
75        	76        	1         	i    	-23.7200719666	4.9946e-11    	2   	2   	2   	2   	2   	2   	2   	2   
75        	77        	1         	i    	-23.7200719666	4.9946e-11    	2   	2   	2   	2   	2   	2   	2   	2   
75        	78        	1         	i    	-22.5622677786	1.5898e-10    	2   	2   	2   	2   	2   	2   	2   	2   
76        	77        	1         	i    	-23.7200719666	4.9946e-11    	2   	2   	2   	2   	2   	2   	2   	2   
76        	78        	1         	i    	-22.5622677786	1.5898e-10    	2   	2   	2   	2   	2   	2   	2   	2   
77        	78        	1         	i    	-22.5622677786	1.5898e-10    	2   	2   	2   	2   	2   	2   	2   	2   
79        	80        	1         	i    	-16.5070561586	6.7776e-08    	1   	1   	1   	1   	2   	2   	2   	2   
79        	81        	1         	i    	-16.5070561586	6.7776e-08    	1   	1   	1   	1   	2   	2   	2   	2   
79        	82        	1         	i    	-16.5070561586	6.7776e-08    	1   	1   	1   	1   	2   	2   	2   	2   
79        	83        	1         	i    	-12.1698618161	5.1844e-06    	1   	1   	1   	1   	1   	1   	1   	1   
79        	84        	1         	i    	-12.1698618161	5.1844e-06    	1   	1   	1   	1   	1   	1   	1   	1   
80        	81        	1         	i    	-21.5373976817	4.4302e-10    	2   	2   	2   	2   	2   	2   	2   	2   
80        	82        	1         	i    	-21.5373976817	4.4302e-10    	2   	2   	2   	2   	2   	2   	2   	2   
80        	83        	1         	i    	-16.5070561586	6.7776e-08    	2   	2   	2   	2   	1   	1   	1   	1   
80        	84        	1         	i    	-16.5070561586	6.7776e-08    	2   	2   	2   	2   	1   	1   	1   	1   
80        	103       	1         	i    	-16.4921875445	6.8791e-08    	2   	2   	2   	2   	1   	1   	1   	1   
81        	82        	1         	i    	-21.5373976817	4.4302e-10    	2   	2   	2   	2   	2   	2   	2   	2   
81        	83        	1         	i    	-16.5070561586	6.7776e-08    	2   	2   	2   	2   	1   	1   	1   	1   
81        	84        	1         	i    	-16.5070561586	6.7776e-08    	2   	2   	2   	2   	1   	1   	1   	1   
81        	103       	1         	i    	-16.4921875445	6.8791e-08    	2   	2   	2   	2   	1   	1   	1   	1   
82        	83        	1         	i    	-16.5070561586	6.7776e-08    	2   	2   	2   	2   	1   	1   	1   	1   
82        	84        	1         	i    	-16.5070561586	6.7776e-08    	2   	2   	2   	2   	1   	1   	1   	1   
82        	103       	1         	i    	-16.4921875445	6.8791e-08    	2   	2   	2   	2   	1   	1   	1   	1   
83        	84        	1         	i    	-12.1698618161	5.1844e-06    	1   	1   	1   	1   	1   	1   	1   	1   
85        	86        	1         	i    	-82.9955026915	9.0263e-37    	14  	14  	14  	14  	5   	5   	5   	5   
85        	87        	1         	i    	-82.9955026915	9.0263e-37    	14  	14  	14  	14  	5   	5   	5   	5   
85        	88        	1         	i    	-124.7598601780	6.5687e-55    	14  	14  	14  	14  	14  	14  	14  	14  
26        	86        	1         	i    	-29.5204622900	1.5116e-13    	1   	1   	1   	1   	5   	5   	5   	5   
27        	86        	1         	i    	-29.5204622900	1.5116e-13    	1   	1   	1   	1   	5   	5   	5   	5   
28        	86        	1         	i    	-29.5204622900	1.5116e-13    	1   	1   	1   	1   	5   	5   	5   	5   
86        	87        	1         	i    	-50.2420585522	1.5141e-22    	5   	5   	5   	5   	5   	5   	5   	5   
86        	88        	1         	i    	-82.9955026915	9.0263e-37    	5   	5   	5   	5   	14  	14  	14  	14  
26        	87        	1         	i    	-29.5204622900	1.5116e-13    	1   	1   	1   	1   	5   	5   	5   	5   
27        	87        	1         	i    	-29.5204622900	1.5116e-13    	1   	1   	1   	1   	5   	5   	5   	5   
28        	87        	1         	i    	-29.5204622900	1.5116e-13    	1   	1   	1   	1   	5   	5   	5   	5   
87        	88        	1         	i    	-82.9955026915	9.0263e-37    	5   	5   	5   	5   	14  	14  	14  	14  
51        	89        	1         	i    	-60.9619647432	3.3462e-27    	12  	12  	12  	12  	4   	4   	4   	4   
80        	89        	1         	i    	-30.2374202771	7.38e-14      	2   	2   	2   	2   	4   	4   	4   	4   
81        	89        	1         	i    	-30.2374202771	7.38e-14      	2   	2   	2   	2   	4   	4   	4   	4   
82        	89        	1         	i    	-30.2374202771	7.38e-14      	2   	2   	2   	2   	4   	4   	4   	4   
89        	90        	1         	i    	-41.7100315948	7.6836e-19    	4   	4   	4   	4   	4   	4   	4   	4   
89        	91        	1         	i    	-41.7100315948	7.6836e-19    	4   	4   	4   	4   	4   	4   	4   	4   
89        	92        	1         	i    	-41.7100315948	7.6836e-19    	4   	4   	4   	4   	4   	4   	4   	4   
89        	103       	1         	i    	-25.8853573204	5.7297e-12    	4   	4   	4   	4   	1   	1   	1   	1   
51        	90        	1         	i    	-60.9619647432	3.3462e-27    	12  	12  	12  	12  	4   	4   	4   	4   
80        	90        	1         	i    	-30.2374202771	7.38e-14      	2   	2   	2   	2   	4   	4   	4   	4   
81        	90        	1         	i    	-30.2374202771	7.38e-14      	2   	2   	2   	2   	4   	4   	4   	4   
82        	90        	1         	i    	-30.2374202771	7.38e-14      	2   	2   	2   	2   	4   	4   	4   	4   
90        	91        	1         	i    	-41.7100315948	7.6836e-19    	4   	4   	4   	4   	4   	4   	4   	4   
90        	92        	1         	i    	-41.7100315948	7.6836e-19    	4   	4   	4   	4   	4   	4   	4   	4   
90        	103       	1         	i    	-25.8853573204	5.7297e-12    	4   	4   	4   	4   	1   	1   	1   	1   
51        	91        	1         	i    	-60.9619647432	3.3462e-27    	12  	12  	12  	12  	4   	4   	4   	4   
80        	91        	1         	i    	-30.2374202771	7.38e-14      	2   	2   	2   	2   	4   	4   	4   	4   
81        	91        	1         	i    	-30.2374202771	7.38e-14      	2   	2   	2   	2   	4   	4   	4   	4   
82        	91        	1         	i    	-30.2374202771	7.38e-14      	2   	2   	2   	2   	4   	4   	4   	4   
91        	92        	1         	i    	-41.7100315948	7.6836e-19    	4   	4   	4   	4   	4   	4   	4   	4   
91        	103       	1         	i    	-25.8853573204	5.7297e-12    	4   	4   	4   	4   	1   	1   	1   	1   
51        	92        	1         	i    	-60.9619647432	3.3462e-27    	12  	12  	12  	12  	4   	4   	4   	4   
80        	92        	1         	i    	-30.2374202771	7.38e-14      	2   	2   	2   	2   	4   	4   	4   	4   
81        	92        	1         	i    	-30.2374202771	7.38e-14      	2   	2   	2   	2   	4   	4   	4   	4   
82        	92        	1         	i    	-30.2374202771	7.38e-14      	2   	2   	2   	2   	4   	4   	4   	4   
92        	103       	1         	i    	-25.8853573204	5.7297e-12    	4   	4   	4   	4   	1   	1   	1   	1   
93        	94        	1         	i    	-52.9880855017	9.7178e-24    	4   	4   	4   	4   	4   	4   	4   	4   
93        	97        	1         	i    	-62.2990552490	8.7875e-28    	4   	4   	4   	4   	7   	7   	7   	7   
93        	98        	1         	i    	-52.9880855017	9.7178e-24    	4   	4   	4   	4   	4   	4   	4   	4   
94        	97        	1         	i    	-62.2990552490	8.7875e-28    	4   	4   	4   	4   	7   	7   	7   	7   
94        	98        	1         	i    	-52.9880855017	9.7178e-24    	4   	4   	4   	4   	4   	4   	4   	4   
95        	100       	1         	i    	-39.4137395317	7.6354e-18    	4   	4   	4   	4   	4   	4   	4   	4   
95        	101       	1         	i    	-39.4137395317	7.6354e-18    	4   	4   	4   	4   	4   	4   	4   	4   
96        	99        	1         	i    	-79.4463167262	3.1398e-35    	9   	9   	9   	9   	9   	9   	9   	9   
96        	102       	1         	i    	-79.4463167262	3.1398e-35    	9   	9   	9   	9   	9   	9   	9   	9   
15        	97        	1         	i    	-81.4562381003	4.2073e-36    	10  	10  	10  	10  	7   	7   	7   	7   
97        	98        	1         	i    	-62.2990552490	8.7875e-28    	7   	7   	7   	7   	4   	4   	4   	4   
99        	102       	1         	i    	-79.4463167262	3.1398e-35    	9   	9   	9   	9   	9   	9   	9   	9   
100       	101       	1         	i    	-39.4137395317	7.6354e-18    	4   	4   	4   	4   	4   	4   	4   	4   
26        	104       	1         	i    	-50.3260285989	1.3921e-22    	1   	1   	1   	1   	9   	9   	9   	9   
27        	104       	1         	i    	-50.3260285989	1.3921e-22    	1   	1   	1   	1   	9   	9   	9   	9   
28        	104       	1         	i    	-50.3260285989	1.3921e-22    	1   	1   	1   	1   	9   	9   	9   	9   
89        	105       	1         	i    	-82.4675739448	1.5303e-36    	4   	4   	4   	4   	16  	16  	16  	16  
90        	105       	1         	i    	-82.4675739448	1.5303e-36    	4   	4   	4   	4   	16  	16  	16  	16  
91        	105       	1         	i    	-82.4675739448	1.5303e-36    	4   	4   	4   	4   	16  	16  	16  	16  
92        	105       	1         	i    	-82.4675739448	1.5303e-36    	4   	4   	4   	4   	16  	16  	16  	16  
95        	105       	1         	i    	-81.3194279133	4.8242e-36    	4   	4   	4   	4   	16  	16  	16  	16  
96        	105       	1         	i    	-100.2959957397	2.767e-44     	9   	9   	9   	9   	16  	16  	16  	16  
99        	105       	1         	i    	-100.2959957397	2.767e-44     	9   	9   	9   	9   	16  	16  	16  	16  
100       	105       	1         	i    	-81.3194279133	4.8242e-36    	4   	4   	4   	4   	16  	16  	16  	16  
101       	105       	1         	i    	-81.3194279133	4.8242e-36    	4   	4   	4   	4   	16  	16  	16  	16  
102       	105       	1         	i    	-100.2959957397	2.767e-44     	9   	9   	9   	9   	16  	16  	16  	16  
105       	106       	1         	i    	-134.3154711838	4.6508e-59    	16  	16  	16  	16  	16  	16  	16  	16  
105       	107       	1         	i    	-131.0891239875	1.1714e-57    	16  	16  	16  	16  	15  	15  	15  	15  
105       	108       	1         	i    	-134.3154711838	4.6508e-59    	16  	16  	16  	16  	16  	16  	16  	16  
105       	109       	1         	i    	-131.0891239875	1.1714e-57    	16  	16  	16  	16  	15  	15  	15  	15  
105       	110       	1         	i    	-134.3154711838	4.6508e-59    	16  	16  	16  	16  	16  	16  	16  	16  
105       	111       	1         	i    	-134.3154711838	4.6508e-59    	16  	16  	16  	16  	16  	16  	16  	16  
89        	106       	1         	i    	-82.4675739448	1.5303e-36    	4   	4   	4   	4   	16  	16  	16  	16  
90        	106       	1         	i    	-82.4675739448	1.5303e-36    	4   	4   	4   	4   	16  	16  	16  	16  
91        	106       	1         	i    	-82.4675739448	1.5303e-36    	4   	4   	4   	4   	16  	16  	16  	16  
92        	106       	1         	i    	-82.4675739448	1.5303e-36    	4   	4   	4   	4   	16  	16  	16  	16  
95        	106       	1         	i    	-81.3194279133	4.8242e-36    	4   	4   	4   	4   	16  	16  	16  	16  
96        	106       	1         	i    	-100.2959957397	2.767e-44     	9   	9   	9   	9   	16  	16  	16  	16  
99        	106       	1         	i    	-100.2959957397	2.767e-44     	9   	9   	9   	9   	16  	16  	16  	16  
100       	106       	1         	i    	-81.3194279133	4.8242e-36    	4   	4   	4   	4   	16  	16  	16  	16  
101       	106       	1         	i    	-81.3194279133	4.8242e-36    	4   	4   	4   	4   	16  	16  	16  	16  
102       	106       	1         	i    	-100.2959957397	2.767e-44     	9   	9   	9   	9   	16  	16  	16  	16  
106       	107       	1         	i    	-131.0891239875	1.1714e-57    	16  	16  	16  	16  	15  	15  	15  	15  
106       	108       	1         	i    	-134.3154711838	4.6508e-59    	16  	16  	16  	16  	16  	16  	16  	16  
106       	109       	1         	i    	-131.0891239875	1.1714e-57    	16  	16  	16  	16  	15  	15  	15  	15  
106       	110       	1         	i    	-134.3154711838	4.6508e-59    	16  	16  	16  	16  	16  	16  	16  	16  
106       	111       	1         	i    	-134.3154711838	4.6508e-59    	16  	16  	16  	16  	16  	16  	16  	16  
89        	107       	1         	i    	-79.9343739291	1.9273e-35    	4   	4   	4   	4   	15  	15  	15  	15  
90        	107       	1         	i    	-79.9343739291	1.9273e-35    	4   	4   	4   	4   	15  	15  	15  	15  
91        	107       	1         	i    	-79.9343739291	1.9273e-35    	4   	4   	4   	4   	15  	15  	15  	15  
92        	107       	1         	i    	-79.9343739291	1.9273e-35    	4   	4   	4   	4   	15  	15  	15  	15  
95        	107       	1         	i    	-78.7862278976	6.0754e-35    	4   	4   	4   	4   	15  	15  	15  	15  
96        	107       	1         	i    	-97.7627957240	3.4846e-43    	9   	9   	9   	9   	15  	15  	15  	15  
99        	107       	1         	i    	-97.7627957240	3.4846e-43    	9   	9   	9   	9   	15  	15  	15  	15  
100       	107       	1         	i    	-78.7862278976	6.0754e-35    	4   	4   	4   	4   	15  	15  	15  	15  
101       	107       	1         	i    	-78.7862278976	6.0754e-35    	4   	4   	4   	4   	15  	15  	15  	15  
102       	107       	1         	i    	-97.7627957240	3.4846e-43    	9   	9   	9   	9   	15  	15  	15  	15  
107       	108       	1         	i    	-131.0891239875	1.1714e-57    	15  	15  	15  	15  	16  	16  	16  	16  
107       	109       	1         	i    	-128.5559239718	1.4753e-56    	15  	15  	15  	15  	15  	15  	15  	15  
107       	110       	1         	i    	-131.0891239875	1.1714e-57    	15  	15  	15  	15  	16  	16  	16  	16  
107       	111       	1         	i    	-131.0891239875	1.1714e-57    	15  	15  	15  	15  	16  	16  	16  	16  
89        	108       	1         	i    	-82.4675739448	1.5303e-36    	4   	4   	4   	4   	16  	16  	16  	16  
90        	108       	1         	i    	-82.4675739448	1.5303e-36    	4   	4   	4   	4   	16  	16  	16  	16  
91        	108       	1         	i    	-82.4675739448	1.5303e-36    	4   	4   	4   	4   	16  	16  	16  	16  
92        	108       	1         	i    	-82.4675739448	1.5303e-36    	4   	4   	4   	4   	16  	16  	16  	16  
95        	108       	1         	i    	-81.3194279133	4.8242e-36    	4   	4   	4   	4   	16  	16  	16  	16  
96        	108       	1         	i    	-100.2959957397	2.767e-44     	9   	9   	9   	9   	16  	16  	16  	16  
99        	108       	1         	i    	-100.2959957397	2.767e-44     	9   	9   	9   	9   	16  	16  	16  	16  
100       	108       	1         	i    	-81.3194279133	4.8242e-36    	4   	4   	4   	4   	16  	16  	16  	16  
101       	108       	1         	i    	-81.3194279133	4.8242e-36    	4   	4   	4   	4   	16  	16  	16  	16  
102       	108       	1         	i    	-100.2959957397	2.767e-44     	9   	9   	9   	9   	16  	16  	16  	16  
108       	109       	1         	i    	-131.0891239875	1.1714e-57    	16  	16  	16  	16  	15  	15  	15  	15  
108       	110       	1         	i    	-134.3154711838	4.6508e-59    	16  	16  	16  	16  	16  	16  	16  	16  
108       	111       	1         	i    	-134.3154711838	4.6508e-59    	16  	16  	16  	16  	16  	16  	16  	16  
89        	109       	1         	i    	-79.9343739291	1.9273e-35    	4   	4   	4   	4   	15  	15  	15  	15  
90        	109       	1         	i    	-79.9343739291	1.9273e-35    	4   	4   	4   	4   	15  	15  	15  	15  
91        	109       	1         	i    	-79.9343739291	1.9273e-35    	4   	4   	4   	4   	15  	15  	15  	15  
92        	109       	1         	i    	-79.9343739291	1.9273e-35    	4   	4   	4   	4   	15  	15  	15  	15  
95        	109       	1         	i    	-78.7862278976	6.0754e-35    	4   	4   	4   	4   	15  	15  	15  	15  
96        	109       	1         	i    	-97.7627957240	3.4846e-43    	9   	9   	9   	9   	15  	15  	15  	15  
99        	109       	1         	i    	-97.7627957240	3.4846e-43    	9   	9   	9   	9   	15  	15  	15  	15  
100       	109       	1         	i    	-78.7862278976	6.0754e-35    	4   	4   	4   	4   	15  	15  	15  	15  
101       	109       	1         	i    	-78.7862278976	6.0754e-35    	4   	4   	4   	4   	15  	15  	15  	15  
102       	109       	1         	i    	-97.7627957240	3.4846e-43    	9   	9   	9   	9   	15  	15  	15  	15  
109       	110       	1         	i    	-131.0891239875	1.1714e-57    	15  	15  	15  	15  	16  	16  	16  	16  
109       	111       	1         	i    	-131.0891239875	1.1714e-57    	15  	15  	15  	15  	16  	16  	16  	16  
89        	110       	1         	i    	-82.4675739448	1.5303e-36    	4   	4   	4   	4   	16  	16  	16  	16  
90        	110       	1         	i    	-82.4675739448	1.5303e-36    	4   	4   	4   	4   	16  	16  	16  	16  
91        	110       	1         	i    	-82.4675739448	1.5303e-36    	4   	4   	4   	4   	16  	16  	16  	16  
92        	110       	1         	i    	-82.4675739448	1.5303e-36    	4   	4   	4   	4   	16  	16  	16  	16  
95        	110       	1         	i    	-81.3194279133	4.8242e-36    	4   	4   	4   	4   	16  	16  	16  	16  
96        	110       	1         	i    	-100.2959957397	2.767e-44     	9   	9   	9   	9   	16  	16  	16  	16  
99        	110       	1         	i    	-100.2959957397	2.767e-44     	9   	9   	9   	9   	16  	16  	16  	16  
100       	110       	1         	i    	-81.3194279133	4.8242e-36    	4   	4   	4   	4   	16  	16  	16  	16  
101       	110       	1         	i    	-81.3194279133	4.8242e-36    	4   	4   	4   	4   	16  	16  	16  	16  
102       	110       	1         	i    	-100.2959957397	2.767e-44     	9   	9   	9   	9   	16  	16  	16  	16  
110       	111       	1         	i    	-134.3154711838	4.6508e-59    	16  	16  	16  	16  	16  	16  	16  	16  
89        	111       	1         	i    	-82.4675739448	1.5303e-36    	4   	4   	4   	4   	16  	16  	16  	16  
90        	111       	1         	i    	-82.4675739448	1.5303e-36    	4   	4   	4   	4   	16  	16  	16  	16  
91        	111       	1         	i    	-82.4675739448	1.5303e-36    	4   	4   	4   	4   	16  	16  	16  	16  
92        	111       	1         	i    	-82.4675739448	1.5303e-36    	4   	4   	4   	4   	16  	16  	16  	16  
95        	111       	1         	i    	-81.3194279133	4.8242e-36    	4   	4   	4   	4   	16  	16  	16  	16  
96        	111       	1         	i    	-100.2959957397	2.767e-44     	9   	9   	9   	9   	16  	16  	16  	16  
99        	111       	1         	i    	-100.2959957397	2.767e-44     	9   	9   	9   	9   	16  	16  	16  	16  
100       	111       	1         	i    	-81.3194279133	4.8242e-36    	4   	4   	4   	4   	16  	16  	16  	16  
101       	111       	1         	i    	-81.3194279133	4.8242e-36    	4   	4   	4   	4   	16  	16  	16  	16  
102       	111       	1         	i    	-100.2959957397	2.767e-44     	9   	9   	9   	9   	16  	16  	16  	16  
95        	112       	1         	i    	-128.0505817754	2.4453e-56    	4   	4   	4   	4   	27  	27  	27  	27  
100       	112       	1         	i    	-128.0505817754	2.4453e-56    	4   	4   	4   	4   	27  	27  	27  	27  
101       	112       	1         	i    	-128.0505817754	2.4453e-56    	4   	4   	4   	4   	27  	27  	27  	27  
112       	113       	1         	i    	-244.2266393032	8.5846e-107   	27  	27  	27  	27  	32  	32  	32  	32  
112       	114       	1         	i    	-245.7805260045	1.815e-107    	27  	27  	27  	27  	42  	42  	42  	42  
112       	115       	1         	i    	-244.2266393032	8.5846e-107   	27  	27  	27  	27  	32  	32  	32  	32  
112       	116       	1         	i    	-244.2266393032	8.5846e-107   	27  	27  	27  	27  	32  	32  	32  	32  
112       	117       	1         	i    	-244.2266393032	8.5846e-107   	27  	27  	27  	27  	32  	32  	32  	32  
112       	118       	1         	i    	-234.0161035331	2.334e-102    	27  	27  	27  	27  	27  	27  	27  	27  
95        	113       	1         	i    	-138.9542647261	4.4971e-61    	4   	4   	4   	4   	32  	32  	32  	32  
100       	113       	1         	i    	-138.9542647261	4.4971e-61    	4   	4   	4   	4   	32  	32  	32  	32  
101       	113       	1         	i    	-138.9542647261	4.4971e-61    	4   	4   	4   	4   	32  	32  	32  	32  
113       	114       	1         	i    	-260.8430920385	5.2154e-114   	32  	32  	32  	32  	42  	42  	42  	42  
113       	115       	1         	i    	-259.2892053372	2.4668e-113   	32  	32  	32  	32  	32  	32  	32  	32  
113       	116       	1         	i    	-259.2892053372	2.4668e-113   	32  	32  	32  	32  	32  	32  	32  	32  
113       	117       	1         	i    	-259.2892053372	2.4668e-113   	32  	32  	32  	32  	32  	32  	32  	32  
113       	118       	1         	i    	-244.2266393032	8.5846e-107   	32  	32  	32  	32  	27  	27  	27  	27  
44        	114       	1         	i    	-173.9654768884	2.8038e-76    	12  	12  	12  	12  	42  	42  	42  	42  
114       	115       	1         	i    	-260.8430920385	5.2154e-114   	42  	42  	42  	42  	32  	32  	32  	32  
114       	116       	1         	i    	-260.8430920385	5.2154e-114   	42  	42  	42  	42  	32  	32  	32  	32  
114       	117       	1         	i    	-260.8430920385	5.2154e-114   	42  	42  	42  	42  	32  	32  	32  	32  
114       	118       	1         	i    	-245.7805260045	1.815e-107    	42  	42  	42  	42  	27  	27  	27  	27  
95        	115       	1         	i    	-138.9542647261	4.4971e-61    	4   	4   	4   	4   	32  	32  	32  	32  
100       	115       	1         	i    	-138.9542647261	4.4971e-61    	4   	4   	4   	4   	32  	32  	32  	32  
101       	115       	1         	i    	-138.9542647261	4.4971e-61    	4   	4   	4   	4   	32  	32  	32  	32  
115       	116       	1         	i    	-259.2892053372	2.4668e-113   	32  	32  	32  	32  	32  	32  	32  	32  
115       	117       	1         	i    	-259.2892053372	2.4668e-113   	32  	32  	32  	32  	32  	32  	32  	32  
115       	118       	1         	i    	-244.2266393032	8.5846e-107   	32  	32  	32  	32  	27  	27  	27  	27  
95        	116       	1         	i    	-138.9542647261	4.4971e-61    	4   	4   	4   	4   	32  	32  	32  	32  
100       	116       	1         	i    	-138.9542647261	4.4971e-61    	4   	4   	4   	4   	32  	32  	32  	32  
101       	116       	1         	i    	-138.9542647261	4.4971e-61    	4   	4   	4   	4   	32  	32  	32  	32  
116       	117       	1         	i    	-259.2892053372	2.4668e-113   	32  	32  	32  	32  	32  	32  	32  	32  
116       	118       	1         	i    	-244.2266393032	8.5846e-107   	32  	32  	32  	32  	27  	27  	27  	27  
95        	117       	1         	i    	-138.9542647261	4.4971e-61    	4   	4   	4   	4   	32  	32  	32  	32  
100       	117       	1         	i    	-138.9542647261	4.4971e-61    	4   	4   	4   	4   	32  	32  	32  	32  
101       	117       	1         	i    	-138.9542647261	4.4971e-61    	4   	4   	4   	4   	32  	32  	32  	32  
117       	118       	1         	i    	-244.2266393032	8.5846e-107   	32  	32  	32  	32  	27  	27  	27  	27  
95        	118       	1         	i    	-128.0505817754	2.4453e-56    	4   	4   	4   	4   	27  	27  	27  	27  
100       	118       	1         	i    	-128.0505817754	2.4453e-56    	4   	4   	4   	4   	27  	27  	27  	27  
101       	118       	1         	i    	-128.0505817754	2.4453e-56    	4   	4   	4   	4   	27  	27  	27  	27  
119       	120       	1         	i    	-20.9098815532	8.2976e-10    	2   	2   	2   	2   	2   	2   	2   	2   
119       	121       	1         	i    	-20.9098815532	8.2976e-10    	2   	2   	2   	2   	2   	2   	2   	2   
119       	122       	1         	i    	-20.9098815532	8.2976e-10    	2   	2   	2   	2   	2   	2   	2   	2   
119       	123       	1         	i    	-20.9098815532	8.2976e-10    	2   	2   	2   	2   	2   	2   	2   	2   
119       	124       	1         	i    	-20.9098815532	8.2976e-10    	2   	2   	2   	2   	2   	2   	2   	2   
119       	125       	1         	i    	-20.9098815532	8.2976e-10    	2   	2   	2   	2   	2   	2   	2   	2   
119       	126       	1         	i    	-20.9098815532	8.2976e-10    	2   	2   	2   	2   	2   	2   	2   	2   
119       	127       	1         	i    	-20.9098815532	8.2976e-10    	2   	2   	2   	2   	2   	2   	2   	2   
120       	121       	1         	i    	-20.9098815532	8.2976e-10    	2   	2   	2   	2   	2   	2   	2   	2   
120       	122       	1         	i    	-20.9098815532	8.2976e-10    	2   	2   	2   	2   	2   	2   	2   	2   
120       	123       	1         	i    	-20.9098815532	8.2976e-10    	2   	2   	2   	2   	2   	2   	2   	2   
120       	124       	1         	i    	-20.9098815532	8.2976e-10    	2   	2   	2   	2   	2   	2   	2   	2   
120       	125       	1         	i    	-20.9098815532	8.2976e-10    	2   	2   	2   	2   	2   	2   	2   	2   
120       	126       	1         	i    	-20.9098815532	8.2976e-10    	2   	2   	2   	2   	2   	2   	2   	2   
120       	127       	1         	i    	-20.9098815532	8.2976e-10    	2   	2   	2   	2   	2   	2   	2   	2   
121       	122       	1         	i    	-20.9098815532	8.2976e-10    	2   	2   	2   	2   	2   	2   	2   	2   
121       	123       	1         	i    	-20.9098815532	8.2976e-10    	2   	2   	2   	2   	2   	2   	2   	2   
121       	124       	1         	i    	-20.9098815532	8.2976e-10    	2   	2   	2   	2   	2   	2   	2   	2   
121       	125       	1         	i    	-20.9098815532	8.2976e-10    	2   	2   	2   	2   	2   	2   	2   	2   
121       	126       	1         	i    	-20.9098815532	8.2976e-10    	2   	2   	2   	2   	2   	2   	2   	2   
121       	127       	1         	i    	-20.9098815532	8.2976e-10    	2   	2   	2   	2   	2   	2   	2   	2   
122       	123       	1         	i    	-20.9098815532	8.2976e-10    	2   	2   	2   	2   	2   	2   	2   	2   
122       	124       	1         	i    	-20.9098815532	8.2976e-10    	2   	2   	2   	2   	2   	2   	2   	2   
122       	125       	1         	i    	-20.9098815532	8.2976e-10    	2   	2   	2   	2   	2   	2   	2   	2   
122       	126       	1         	i    	-20.9098815532	8.2976e-10    	2   	2   	2   	2   	2   	2   	2   	2   
122       	127       	1         	i    	-20.9098815532	8.2976e-10    	2   	2   	2   	2   	2   	2   	2   	2   
123       	124       	1         	i    	-20.9098815532	8.2976e-10    	2   	2   	2   	2   	2   	2   	2   	2   
123       	125       	1         	i    	-20.9098815532	8.2976e-10    	2   	2   	2   	2   	2   	2   	2   	2   
123       	126       	1         	i    	-20.9098815532	8.2976e-10    	2   	2   	2   	2   	2   	2   	2   	2   
123       	127       	1         	i    	-20.9098815532	8.2976e-10    	2   	2   	2   	2   	2   	2   	2   	2   
124       	125       	1         	i    	-20.9098815532	8.2976e-10    	2   	2   	2   	2   	2   	2   	2   	2   
124       	126       	1         	i    	-20.9098815532	8.2976e-10    	2   	2   	2   	2   	2   	2   	2   	2   
124       	127       	1         	i    	-20.9098815532	8.2976e-10    	2   	2   	2   	2   	2   	2   	2   	2   
125       	126       	1         	i    	-20.9098815532	8.2976e-10    	2   	2   	2   	2   	2   	2   	2   	2   
125       	127       	1         	i    	-20.9098815532	8.2976e-10    	2   	2   	2   	2   	2   	2   	2   	2   
126       	127       	1         	i    	-20.9098815532	8.2976e-10    	2   	2   	2   	2   	2   	2   	2   	2   
