Event1    	Event2    	Tree      	Model	lnML          	ML            	mu1 	mu1star	nu1 	nu1star	mu2 	mu2star	nu2 	nu2star
4         	21        	1         	I    	-11.4994044857	1.0136e-05    	1.0334	1.0334	0   	0   	1.0292	1.0292	0   	0   
4         	95        	1         	I    	-24.0620627223	3.548e-11     	1.0292	1.0292	0   	0   	4.3735	4.3735	0   	0   
4         	100       	1         	I    	-24.0620627223	3.548e-11     	1.0292	1.0292	0   	0   	4.3735	4.3735	0   	0   
4         	101       	1         	I    	-24.0620627223	3.548e-11     	1.0292	1.0292	0   	0   	4.3735	4.3735	0   	0   
7         	8         	1         	I    	-129.8808700301	3.9215e-57    	8.9205	8.9205	1e-07	1e-07	24.837	24.837	4.2552	4.2552
7         	22        	1         	I    	-78.0932560190	1.2149e-34    	9.0307	9.0307	0   	0   	10.648	10.648	6.4613	6.4613
7         	23        	1         	I    	-47.3096273533	2.8424e-21    	8.9941	8.9941	0   	0   	1   	1   	0.97154	0.97154
7         	24        	1         	I    	-47.3096273533	2.8424e-21    	8.9941	8.9941	0   	0   	1   	1   	0.97154	0.97154
7         	43        	1         	I    	-65.0455524077	5.6374e-29    	8.9905	8.9905	0   	0   	4.2892	4.2892	14.834	14.834
7         	44        	1         	I    	-82.2552492160	1.8923e-36    	9.0309	9.0309	0   	0   	13.232	13.232	5.9283	5.9283
7         	45        	1         	I    	-47.3096273533	2.8424e-21    	8.9941	8.9941	0   	0   	1   	1   	0.97154	0.97154
7         	47        	1         	I    	-47.3096273533	2.8424e-21    	8.9941	8.9941	0   	0   	1   	1   	0.97154	0.97154
8         	22        	1         	I    	-132.3069864630	3.4658e-58    	24.894	24.894	4.2236	4.2236	10.58	10.58	6.698	6.698
8         	43        	1         	I    	-117.9436762813	5.9939e-52    	24.672	24.672	4.3495	4.3495	4.2839	4.2839	15.09	15.09
8         	44        	1         	I    	-137.1525378147	2.7253e-60    	24.958	24.958	4.1888	4.1888	13.115	13.115	6.2013	6.2013
8         	51        	1         	I    	-131.3414763294	9.1017e-58    	24.841	24.841	4.2527	4.2527	11.314	11.314	14.669	14.669
11        	22        	1         	I    	-69.7948916815	4.8805e-31    	4.3752	4.3752	11.66	11.66	10.75	10.75	6.1417	6.1417
11        	23        	1         	I    	-37.6586825703	4.4161e-17    	4.3964	4.3964	11.092	11.092	1.0001	1.0001	0   	0   
11        	24        	1         	I    	-37.6586825703	4.4161e-17    	4.3964	4.3964	11.092	11.092	1.0001	1.0001	0   	0   
11        	44        	1         	I    	-73.9319565302	7.794e-33     	4.3753	4.3753	11.658	11.658	13.362	13.362	5.658	5.658
11        	45        	1         	I    	-37.6586825703	4.4161e-17    	4.3964	4.3964	11.092	11.092	1.0001	1.0001	0   	0   
11        	46        	1         	I    	-62.5605588134	6.7654e-28    	4.3805	4.3805	11.514	11.514	8.6277	8.6277	5.3005	5.3005
11        	47        	1         	I    	-37.6586825703	4.4161e-17    	4.3964	4.3964	11.092	11.092	1.0001	1.0001	0   	0   
12        	13        	1         	I    	-96.3946090372	1.3688e-42    	7.6748	7.6748	13.524	13.524	8.5099	8.5099	16.689	16.689
12        	15        	1         	I    	-96.8615759905	8.5813e-43    	7.6847	7.6847	13.518	13.518	8.3182	8.3182	52.283	52.283
12        	43        	1         	I    	-78.8674703873	5.6014e-35    	7.798	7.798	13.449	13.449	4.2817	4.2817	15.201	15.201
12        	63        	1         	I    	-100.7337749972	1.786e-44     	8.012	8.012	13.327	13.327	9.3395	9.3395	16.205	16.205
12        	64        	1         	I    	-100.7337749972	1.786e-44     	8.012	8.012	13.327	13.327	9.3395	9.3395	16.205	16.205
12        	65        	1         	I    	-100.7337749972	1.786e-44     	8.012	8.012	13.327	13.327	9.3395	9.3395	16.205	16.205
12        	66        	1         	I    	-100.7337749972	1.786e-44     	8.012	8.012	13.327	13.327	9.3395	9.3395	16.205	16.205
12        	67        	1         	I    	-100.7337749972	1.786e-44     	8.012	8.012	13.327	13.327	9.3395	9.3395	16.205	16.205
13        	15        	1         	I    	-91.4378516931	1.9456e-40    	8.627	8.627	13.759	13.759	8.3113	8.3113	53.393	53.393
13        	43        	1         	I    	-72.7251083728	2.6055e-32    	8.6 	8.6 	14.334	14.334	4.2742	4.2742	15.59	15.59
13        	44        	1         	I    	-88.5215960194	3.5938e-39    	8.5353	8.5353	15.944	15.944	13.345	13.345	5.6917	5.6917
15        	43        	1         	I    	-73.3588377873	1.3825e-32    	8.3559	8.3559	46.962	46.962	4.2985	4.2985	14.402	14.402
7         	16        	1         	I    	-64.5541662478	9.2147e-29    	8.9941	8.9941	0   	0   	3.0004	3.0004	1e-07	1e-07
8         	16        	1         	I    	-116.8213044006	1.8414e-51    	24.601	24.601	4.392	4.392	3.0004	3.0004	1e-07	1e-07
11        	16        	1         	I    	-54.9031866072	1.4317e-24    	4.3963	4.3963	11.092	11.092	3.0005	3.0005	0   	0   
13        	16        	1         	I    	-70.8638051095	1.6759e-31    	8.566	8.566	15.134	15.134	3.0005	3.0005	0   	0   
15        	16        	1         	I    	-72.2184092571	4.3246e-32    	8.3707	8.3707	45.167	45.167	3.0005	3.0005	0   	0   
16        	22        	1         	I    	-67.7393368637	3.8122e-30    	3.0004	3.0004	1e-07	1e-07	10.694	10.694	6.3123	6.3123
16        	23        	1         	I    	-38.3249159299	2.2683e-17    	3.0005	3.0005	0   	0   	1   	1   	0.96094	0.96094
16        	24        	1         	I    	-38.3249159299	2.2683e-17    	3.0005	3.0005	0   	0   	1   	1   	0.96094	0.96094
16        	43        	1         	I    	-55.3682366074	8.9925e-25    	3.0005	3.0005	0   	0   	4.2908	4.2908	14.755	14.755
16        	44        	1         	I    	-71.8899656466	6.006e-32     	3.0004	3.0004	1e-07	1e-07	13.291	13.291	5.8019	5.8019
16        	45        	1         	I    	-38.3249159299	2.2683e-17    	3.0005	3.0005	0   	0   	1   	1   	0.96094	0.96094
16        	47        	1         	I    	-38.3249159299	2.2683e-17    	3.0005	3.0005	0   	0   	1   	1   	0.96094	0.96094
21        	95        	1         	I    	-24.0620627223	3.548e-11     	1.0292	1.0292	0   	0   	4.3735	4.3735	0   	0   
21        	100       	1         	I    	-24.0620627223	3.548e-11     	1.0292	1.0292	0   	0   	4.3735	4.3735	0   	0   
21        	101       	1         	I    	-24.0620627223	3.548e-11     	1.0292	1.0292	0   	0   	4.3735	4.3735	0   	0   
22        	44        	1         	I    	-90.2472235878	6.3992e-40    	10.526	10.526	6.8977	6.8977	13.51	13.51	5.383	5.383
22        	46        	1         	I    	-75.4260228666	1.7494e-33    	10.737	10.737	6.1815	6.1815	8.5573	8.5573	5.4948	5.4948
22        	60        	1         	I    	-76.5621666342	5.6166e-34    	10.631	10.631	6.5173	6.5173	9.6913	9.6913	0   	0   
8         	23        	1         	I    	-99.5767662156	5.6802e-44    	24.601	24.601	4.3919	4.3919	1   	1   	0.99333	0.99333
13        	23        	1         	I    	-53.6193010714	5.1693e-24    	8.566	8.566	15.134	15.134	1.0001	1.0001	0   	0   
15        	23        	1         	I    	-54.9739052018	1.3339e-24    	8.3707	8.3707	45.166	45.166	1.0001	1.0001	0   	0   
22        	23        	1         	I    	-50.4947984921	1.1759e-22    	10.694	10.694	6.3121	6.3121	0.99991	0.99991	0.9831	0.9831
23        	24        	1         	I    	-21.0804112947	6.9967e-10    	1.0001	1.0001	0.94044	0.94044	1.0001	1.0001	0   	0   
23        	43        	1         	I    	-38.1237325677	2.7738e-17    	1.0001	1.0001	0   	0   	4.2908	4.2908	14.755	14.755
23        	44        	1         	I    	-54.6454292097	1.8526e-24    	1   	1   	1.0439	1.0439	13.291	13.291	5.8019	5.8019
23        	45        	1         	I    	-21.0804112947	6.9967e-10    	1.0001	1.0001	0.94044	0.94044	1.0001	1.0001	0   	0   
23        	47        	1         	I    	-21.0804112947	6.9967e-10    	1.0001	1.0001	0.94044	0.94044	1.0001	1.0001	0   	0   
8         	24        	1         	I    	-99.5767662156	5.6802e-44    	24.601	24.601	4.3919	4.3919	1   	1   	0.99333	0.99333
13        	24        	1         	I    	-53.6193010714	5.1693e-24    	8.566	8.566	15.134	15.134	1.0001	1.0001	0   	0   
15        	24        	1         	I    	-54.9739052018	1.3339e-24    	8.3707	8.3707	45.166	45.166	1.0001	1.0001	0   	0   
22        	24        	1         	I    	-50.4947984921	1.1759e-22    	10.694	10.694	6.3121	6.3121	0.99991	0.99991	0.9831	0.9831
24        	43        	1         	I    	-38.1237325677	2.7738e-17    	1.0001	1.0001	0   	0   	4.2908	4.2908	14.755	14.755
24        	44        	1         	I    	-54.6454292097	1.8526e-24    	1   	1   	1.0439	1.0439	13.291	13.291	5.8019	5.8019
24        	45        	1         	I    	-21.0804112947	6.9967e-10    	1.0001	1.0001	0.94044	0.94044	1.0001	1.0001	0   	0   
24        	47        	1         	I    	-21.0804112947	6.9967e-10    	1.0001	1.0001	0.94044	0.94044	1.0001	1.0001	0   	0   
26        	27        	1         	I    	-11.5560503112	9.5779e-06    	1.0097	1.0097	0   	0   	1.0057	1.0057	0   	0   
26        	28        	1         	I    	-11.5560503112	9.5779e-06    	1.0097	1.0097	0   	0   	1.0057	1.0057	0   	0   
27        	28        	1         	I    	-11.5560503112	9.5779e-06    	1.0097	1.0097	0   	0   	1.0057	1.0057	0   	0   
4         	43        	1         	I    	-33.3105465071	3.4152e-15    	1.0334	1.0334	0   	0   	4.282	4.282	15.185	15.185
21        	43        	1         	I    	-33.3105465071	3.4152e-15    	1.0334	1.0334	0   	0   	4.282	4.282	15.185	15.185
22        	43        	1         	I    	-68.2018179638	2.4006e-30    	10.719	10.719	6.2365	6.2365	4.282	4.282	15.186	15.186
43        	44        	1         	I    	-72.3465105295	3.8046e-32    	4.282	4.282	15.183	15.183	13.322	13.322	5.7381	5.7381
43        	45        	1         	I    	-38.1237325694	2.7738e-17    	4.2908	4.2908	14.755	14.755	1.0001	1.0001	0   	0   
43        	47        	1         	I    	-38.1237325694	2.7738e-17    	4.2908	4.2908	14.755	14.755	1.0001	1.0001	0   	0   
44        	46        	1         	I    	-79.5663197962	2.7848e-35    	13.345	13.345	5.6917	5.6917	8.5575	8.5575	5.4944	5.4944
44        	60        	1         	I    	-80.7283016776	8.7125e-36    	13.211	13.211	5.9757	5.9757	9.6917	9.6917	0   	0   
8         	45        	1         	I    	-99.5767662156	5.6802e-44    	24.601	24.601	4.3919	4.3919	1   	1   	0.99333	0.99333
13        	45        	1         	I    	-53.6193010714	5.1693e-24    	8.566	8.566	15.134	15.134	1.0001	1.0001	0   	0   
15        	45        	1         	I    	-54.9739052018	1.3339e-24    	8.3707	8.3707	45.166	45.166	1.0001	1.0001	0   	0   
22        	45        	1         	I    	-50.4947984921	1.1759e-22    	10.694	10.694	6.3121	6.3121	0.99991	0.99991	0.9831	0.9831
44        	45        	1         	I    	-54.6454282995	1.8526e-24    	13.291	13.291	5.802	5.802	1.0001	1.0001	1.0159	1.0159
45        	47        	1         	I    	-21.0804112947	6.9967e-10    	1.0001	1.0001	0.94044	0.94044	1.0001	1.0001	0   	0   
46        	114       	1         	I    	-132.1631599215	4.0019e-58    	8.522	8.522	5.5992	5.5992	1.7116	1.7116	98.62	98.62
8         	47        	1         	I    	-99.5767662156	5.6802e-44    	24.601	24.601	4.3919	4.3919	1   	1   	0.99333	0.99333
13        	47        	1         	I    	-53.6193010714	5.1693e-24    	8.566	8.566	15.134	15.134	1.0001	1.0001	0   	0   
15        	47        	1         	I    	-54.9739052018	1.3339e-24    	8.3707	8.3707	45.166	45.166	1.0001	1.0001	0   	0   
22        	47        	1         	I    	-50.4947984921	1.1759e-22    	10.694	10.694	6.3121	6.3121	0.99991	0.99991	0.9831	0.9831
44        	47        	1         	I    	-54.6454282995	1.8526e-24    	13.291	13.291	5.802	5.802	1.0001	1.0001	1.0159	1.0159
48        	49        	1         	I    	-154.7431992226	6.25e-68      	7.9067	7.9067	21.418	21.418	8.9665	8.9665	19.306	19.306
48        	50        	1         	I    	-154.7372889764	6.2871e-68    	7.8507	7.8507	21.469	21.469	9.0396	9.0396	19.262	19.262
48        	119       	1         	I    	-85.3234269492	8.8005e-38    	8.2803	8.2803	21.095	21.095	2.0201	2.0201	0   	0   
48        	120       	1         	I    	-85.3234269492	8.8005e-38    	8.2803	8.2803	21.095	21.095	2.0201	2.0201	0   	0   
48        	121       	1         	I    	-85.3234269492	8.8005e-38    	8.2803	8.2803	21.095	21.095	2.0201	2.0201	0   	0   
48        	122       	1         	I    	-85.3234269492	8.8005e-38    	8.2803	8.2803	21.095	21.095	2.0201	2.0201	0   	0   
48        	123       	1         	I    	-85.3234269492	8.8005e-38    	8.2803	8.2803	21.095	21.095	2.0201	2.0201	0   	0   
48        	124       	1         	I    	-85.3234269492	8.8005e-38    	8.2803	8.2803	21.095	21.095	2.0201	2.0201	0   	0   
48        	125       	1         	I    	-85.3234269492	8.8005e-38    	8.2803	8.2803	21.095	21.095	2.0201	2.0201	0   	0   
48        	126       	1         	I    	-85.3234269492	8.8005e-38    	8.2803	8.2803	21.095	21.095	2.0201	2.0201	0   	0   
48        	127       	1         	I    	-85.3234269492	8.8005e-38    	8.2803	8.2803	21.095	21.095	2.0201	2.0201	0   	0   
49        	50        	1         	I    	-149.2750295567	1.4814e-65    	9.0331	9.0331	19.266	19.266	7.8625	7.8625	20.117	20.117
49        	119       	1         	I    	-79.8430822741	2.1115e-35    	8.2877	8.2877	19.771	19.771	2.0201	2.0201	0   	0   
49        	120       	1         	I    	-79.8430822741	2.1115e-35    	8.2877	8.2877	19.771	19.771	2.0201	2.0201	0   	0   
49        	121       	1         	I    	-79.8430822741	2.1115e-35    	8.2877	8.2877	19.771	19.771	2.0201	2.0201	0   	0   
49        	122       	1         	I    	-79.8430822741	2.1115e-35    	8.2877	8.2877	19.771	19.771	2.0201	2.0201	0   	0   
49        	123       	1         	I    	-79.8430822741	2.1115e-35    	8.2877	8.2877	19.771	19.771	2.0201	2.0201	0   	0   
49        	124       	1         	I    	-79.8430822741	2.1115e-35    	8.2877	8.2877	19.771	19.771	2.0201	2.0201	0   	0   
49        	125       	1         	I    	-79.8430822741	2.1115e-35    	8.2877	8.2877	19.771	19.771	2.0201	2.0201	0   	0   
49        	126       	1         	I    	-79.8430822741	2.1115e-35    	8.2877	8.2877	19.771	19.771	2.0201	2.0201	0   	0   
49        	127       	1         	I    	-79.8430822741	2.1115e-35    	8.2877	8.2877	19.771	19.771	2.0201	2.0201	0   	0   
50        	119       	1         	I    	-79.8430822741	2.1115e-35    	8.2877	8.2877	19.771	19.771	2.0201	2.0201	0   	0   
50        	120       	1         	I    	-79.8430822741	2.1115e-35    	8.2877	8.2877	19.771	19.771	2.0201	2.0201	0   	0   
50        	121       	1         	I    	-79.8430822741	2.1115e-35    	8.2877	8.2877	19.771	19.771	2.0201	2.0201	0   	0   
50        	122       	1         	I    	-79.8430822741	2.1115e-35    	8.2877	8.2877	19.771	19.771	2.0201	2.0201	0   	0   
50        	123       	1         	I    	-79.8430822741	2.1115e-35    	8.2877	8.2877	19.771	19.771	2.0201	2.0201	0   	0   
50        	124       	1         	I    	-79.8430822741	2.1115e-35    	8.2877	8.2877	19.771	19.771	2.0201	2.0201	0   	0   
50        	125       	1         	I    	-79.8430822741	2.1115e-35    	8.2877	8.2877	19.771	19.771	2.0201	2.0201	0   	0   
50        	126       	1         	I    	-79.8430822741	2.1115e-35    	8.2877	8.2877	19.771	19.771	2.0201	2.0201	0   	0   
50        	127       	1         	I    	-79.8430822741	2.1115e-35    	8.2877	8.2877	19.771	19.771	2.0201	2.0201	0   	0   
57        	58        	1         	I    	-12.2092187438	4.9843e-06    	1.0178	1.0178	0   	0   	1.0149	1.0149	0   	0   
59        	85        	1         	I    	-130.7915427571	1.5774e-57    	10.324	10.324	19.734	19.734	16.062	16.062	11.372	11.372
59        	88        	1         	I    	-130.7915427571	1.5774e-57    	10.324	10.324	19.734	19.734	16.062	16.062	11.372	11.372
59        	112       	1         	I    	-176.1749626168	3.0774e-77    	10.544	10.544	19.568	19.568	3.2539	3.2539	37.535	37.535
59        	113       	1         	I    	-183.6670952983	1.7155e-80    	10.543	10.543	19.568	19.568	2.8575	2.8575	47.689	47.689
59        	115       	1         	I    	-183.6670952983	1.7155e-80    	10.543	10.543	19.568	19.568	2.8575	2.8575	47.689	47.689
59        	116       	1         	I    	-183.6670952983	1.7155e-80    	10.543	10.543	19.568	19.568	2.8575	2.8575	47.689	47.689
59        	117       	1         	I    	-183.6670952983	1.7155e-80    	10.543	10.543	19.568	19.568	2.8575	2.8575	47.689	47.689
59        	118       	1         	I    	-176.1749626168	3.0774e-77    	10.544	10.544	19.568	19.568	3.2539	3.2539	37.535	37.535
4         	60        	1         	I    	-40.9809733868	1.5929e-18    	1.0292	1.0292	0   	0   	9.6562	9.6562	0   	0   
21        	60        	1         	I    	-40.9809733868	1.5929e-18    	1.0292	1.0292	0   	0   	9.6562	9.6562	0   	0   
57        	60        	1         	I    	-41.3407051767	1.1116e-18    	1.0149	1.0149	0   	0   	9.6497	9.6497	0   	0   
58        	60        	1         	I    	-41.3407051767	1.1116e-18    	1.0149	1.0149	0   	0   	9.6497	9.6497	0   	0   
61        	62        	1         	I    	-10.4202983956	2.9821e-05    	1.0459	1.0459	0   	0   	1.0532	1.0532	0   	0   
61        	78        	1         	I    	-16.1019142404	1.0163e-07    	1.0459	1.0459	0   	0   	2.1672	2.1672	0   	0   
62        	78        	1         	I    	-16.1019142404	1.0163e-07    	1.0459	1.0459	0   	0   	2.1672	2.1672	0   	0   
44        	63        	1         	I    	-94.2142455786	1.2114e-41    	13.394	13.394	5.5942	5.5942	9.6791	9.6791	15.941	15.941
63        	64        	1         	I    	-105.0745646717	2.3265e-46    	9.0748	9.0748	16.432	16.432	9.9294	9.9294	15.771	15.771
63        	65        	1         	I    	-105.0700824200	2.3369e-46    	10.019	10.019	15.702	15.702	9.0017	9.0017	16.498	16.498
63        	66        	1         	I    	-105.0739481529	2.3279e-46    	9.9425	9.9425	15.753	15.753	9.0639	9.0639	16.442	16.442
63        	67        	1         	I    	-105.0727287264	2.3307e-46    	9.0432	9.0432	16.461	16.461	9.9676	9.9676	15.736	15.736
63        	80        	1         	I    	-59.1145028966	2.1227e-26    	9.3961	9.3961	16.159	16.159	2.0186	2.0186	0   	0   
63        	81        	1         	I    	-59.1145028966	2.1227e-26    	9.3961	9.3961	16.159	16.159	2.0186	2.0186	0   	0   
63        	82        	1         	I    	-59.1145028966	2.1227e-26    	9.3961	9.3961	16.159	16.159	2.0186	2.0186	0   	0   
44        	64        	1         	I    	-94.2142455786	1.2114e-41    	13.394	13.394	5.5942	5.5942	9.6791	9.6791	15.941	15.941
64        	65        	1         	I    	-105.0731476120	2.3298e-46    	9.9591	9.9591	15.742	15.742	9.0502	9.0502	16.454	16.454
64        	66        	1         	I    	-105.0734024454	2.3292e-46    	9.0545	9.0545	16.45	16.45	9.9538	9.9538	15.746	15.746
64        	67        	1         	I    	-105.0700824200	2.3369e-46    	9.0017	9.0017	16.498	16.498	10.019	10.019	15.702	15.702
64        	80        	1         	I    	-59.1145028966	2.1227e-26    	9.3961	9.3961	16.159	16.159	2.0186	2.0186	0   	0   
64        	81        	1         	I    	-59.1145028966	2.1227e-26    	9.3961	9.3961	16.159	16.159	2.0186	2.0186	0   	0   
64        	82        	1         	I    	-59.1145028966	2.1227e-26    	9.3961	9.3961	16.159	16.159	2.0186	2.0186	0   	0   
44        	65        	1         	I    	-94.2142455786	1.2114e-41    	13.394	13.394	5.5942	5.5942	9.6791	9.6791	15.941	15.941
65        	66        	1         	I    	-105.0749801394	2.3255e-46    	9.0824	9.0824	16.425	16.425	9.9203	9.9203	15.769	15.769
65        	67        	1         	I    	-105.0755900177	2.3241e-46    	9.9067	9.9067	15.778	15.778	9.0939	9.0939	16.415	16.415
65        	80        	1         	I    	-59.1145028966	2.1227e-26    	9.3961	9.3961	16.159	16.159	2.0186	2.0186	0   	0   
65        	81        	1         	I    	-59.1145028966	2.1227e-26    	9.3961	9.3961	16.159	16.159	2.0186	2.0186	0   	0   
65        	82        	1         	I    	-59.1145028966	2.1227e-26    	9.3961	9.3961	16.159	16.159	2.0186	2.0186	0   	0   
44        	66        	1         	I    	-94.2142455786	1.2114e-41    	13.394	13.394	5.5942	5.5942	9.6791	9.6791	15.941	15.941
66        	67        	1         	I    	-105.0734671586	2.329e-46     	9.9525	9.9525	15.746	15.746	9.0556	9.0556	16.45	16.45
66        	80        	1         	I    	-59.1145028966	2.1227e-26    	9.3961	9.3961	16.159	16.159	2.0186	2.0186	0   	0   
66        	81        	1         	I    	-59.1145028966	2.1227e-26    	9.3961	9.3961	16.159	16.159	2.0186	2.0186	0   	0   
66        	82        	1         	I    	-59.1145028966	2.1227e-26    	9.3961	9.3961	16.159	16.159	2.0186	2.0186	0   	0   
44        	67        	1         	I    	-94.2142455786	1.2114e-41    	13.394	13.394	5.5942	5.5942	9.6791	9.6791	15.941	15.941
67        	80        	1         	I    	-59.1145028966	2.1227e-26    	9.3961	9.3961	16.159	16.159	2.0186	2.0186	0   	0   
67        	81        	1         	I    	-59.1145028966	2.1227e-26    	9.3961	9.3961	16.159	16.159	2.0186	2.0186	0   	0   
67        	82        	1         	I    	-59.1145028966	2.1227e-26    	9.3961	9.3961	16.159	16.159	2.0186	2.0186	0   	0   
68        	69        	1         	I    	-23.5815385788	5.7368e-11    	2.0653	2.0653	0   	0   	2.0757	2.0757	0   	0   
68        	70        	1         	I    	-23.5815385788	5.7368e-11    	2.0653	2.0653	0   	0   	2.0757	2.0757	0   	0   
68        	71        	1         	I    	-23.5815385788	5.7368e-11    	2.0653	2.0653	0   	0   	2.0757	2.0757	0   	0   
68        	72        	1         	I    	-23.5815385788	5.7368e-11    	2.0653	2.0653	0   	0   	2.0757	2.0757	0   	0   
68        	73        	1         	I    	-23.5815385788	5.7368e-11    	2.0653	2.0653	0   	0   	2.0757	2.0757	0   	0   
68        	74        	1         	I    	-23.5815385788	5.7368e-11    	2.0653	2.0653	0   	0   	2.0757	2.0757	0   	0   
68        	75        	1         	I    	-23.5815385788	5.7368e-11    	2.0653	2.0653	0   	0   	2.0757	2.0757	0   	0   
68        	76        	1         	I    	-23.5815385788	5.7368e-11    	2.0653	2.0653	0   	0   	2.0757	2.0757	0   	0   
68        	77        	1         	I    	-23.5815385788	5.7368e-11    	2.0653	2.0653	0   	0   	2.0757	2.0757	0   	0   
68        	78        	1         	I    	-22.3396420994	1.9862e-10    	2.0698	2.0698	0   	0   	2.1603	2.1603	0   	0   
69        	70        	1         	I    	-23.5815385788	5.7368e-11    	2.0653	2.0653	0   	0   	2.0757	2.0757	0   	0   
69        	71        	1         	I    	-23.5815385788	5.7368e-11    	2.0653	2.0653	0   	0   	2.0757	2.0757	0   	0   
69        	72        	1         	I    	-23.5815385788	5.7368e-11    	2.0653	2.0653	0   	0   	2.0757	2.0757	0   	0   
69        	73        	1         	I    	-23.5815385788	5.7368e-11    	2.0653	2.0653	0   	0   	2.0757	2.0757	0   	0   
69        	74        	1         	I    	-23.5815385788	5.7368e-11    	2.0653	2.0653	0   	0   	2.0757	2.0757	0   	0   
69        	75        	1         	I    	-23.5815385788	5.7368e-11    	2.0653	2.0653	0   	0   	2.0757	2.0757	0   	0   
69        	76        	1         	I    	-23.5815385788	5.7368e-11    	2.0653	2.0653	0   	0   	2.0757	2.0757	0   	0   
69        	77        	1         	I    	-23.5815385788	5.7368e-11    	2.0653	2.0653	0   	0   	2.0757	2.0757	0   	0   
69        	78        	1         	I    	-22.3396420994	1.9862e-10    	2.0698	2.0698	0   	0   	2.1603	2.1603	0   	0   
70        	71        	1         	I    	-23.5815385788	5.7368e-11    	2.0653	2.0653	0   	0   	2.0757	2.0757	0   	0   
70        	72        	1         	I    	-23.5815385788	5.7368e-11    	2.0653	2.0653	0   	0   	2.0757	2.0757	0   	0   
70        	73        	1         	I    	-23.5815385788	5.7368e-11    	2.0653	2.0653	0   	0   	2.0757	2.0757	0   	0   
70        	74        	1         	I    	-23.5815385788	5.7368e-11    	2.0653	2.0653	0   	0   	2.0757	2.0757	0   	0   
70        	75        	1         	I    	-23.5815385788	5.7368e-11    	2.0653	2.0653	0   	0   	2.0757	2.0757	0   	0   
70        	76        	1         	I    	-23.5815385788	5.7368e-11    	2.0653	2.0653	0   	0   	2.0757	2.0757	0   	0   
70        	77        	1         	I    	-23.5815385788	5.7368e-11    	2.0653	2.0653	0   	0   	2.0757	2.0757	0   	0   
70        	78        	1         	I    	-22.3396420994	1.9862e-10    	2.0698	2.0698	0   	0   	2.1603	2.1603	0   	0   
71        	72        	1         	I    	-23.5815385788	5.7368e-11    	2.0653	2.0653	0   	0   	2.0757	2.0757	0   	0   
71        	73        	1         	I    	-23.5815385788	5.7368e-11    	2.0653	2.0653	0   	0   	2.0757	2.0757	0   	0   
71        	74        	1         	I    	-23.5815385788	5.7368e-11    	2.0653	2.0653	0   	0   	2.0757	2.0757	0   	0   
71        	75        	1         	I    	-23.5815385788	5.7368e-11    	2.0653	2.0653	0   	0   	2.0757	2.0757	0   	0   
71        	76        	1         	I    	-23.5815385788	5.7368e-11    	2.0653	2.0653	0   	0   	2.0757	2.0757	0   	0   
71        	77        	1         	I    	-23.5815385788	5.7368e-11    	2.0653	2.0653	0   	0   	2.0757	2.0757	0   	0   
71        	78        	1         	I    	-22.3396420994	1.9862e-10    	2.0698	2.0698	0   	0   	2.1603	2.1603	0   	0   
72        	73        	1         	I    	-23.5815385788	5.7368e-11    	2.0653	2.0653	0   	0   	2.0757	2.0757	0   	0   
72        	74        	1         	I    	-23.5815385788	5.7368e-11    	2.0653	2.0653	0   	0   	2.0757	2.0757	0   	0   
72        	75        	1         	I    	-23.5815385788	5.7368e-11    	2.0653	2.0653	0   	0   	2.0757	2.0757	0   	0   
72        	76        	1         	I    	-23.5815385788	5.7368e-11    	2.0653	2.0653	0   	0   	2.0757	2.0757	0   	0   
72        	77        	1         	I    	-23.5815385788	5.7368e-11    	2.0653	2.0653	0   	0   	2.0757	2.0757	0   	0   
72        	78        	1         	I    	-22.3396420994	1.9862e-10    	2.0698	2.0698	0   	0   	2.1603	2.1603	0   	0   
73        	74        	1         	I    	-23.5815385788	5.7368e-11    	2.0653	2.0653	0   	0   	2.0757	2.0757	0   	0   
73        	75        	1         	I    	-23.5815385788	5.7368e-11    	2.0653	2.0653	0   	0   	2.0757	2.0757	0   	0   
73        	76        	1         	I    	-23.5815385788	5.7368e-11    	2.0653	2.0653	0   	0   	2.0757	2.0757	0   	0   
73        	77        	1         	I    	-23.5815385788	5.7368e-11    	2.0653	2.0653	0   	0   	2.0757	2.0757	0   	0   
73        	78        	1         	I    	-22.3396420994	1.9862e-10    	2.0698	2.0698	0   	0   	2.1603	2.1603	0   	0   
74        	75        	1         	I    	-23.5815385788	5.7368e-11    	2.0653	2.0653	0   	0   	2.0757	2.0757	0   	0   
74        	76        	1         	I    	-23.5815385788	5.7368e-11    	2.0653	2.0653	0   	0   	2.0757	2.0757	0   	0   
74        	77        	1         	I    	-23.5815385788	5.7368e-11    	2.0653	2.0653	0   	0   	2.0757	2.0757	0   	0   
74        	78        	1         	I    	-22.3396420994	1.9862e-10    	2.0698	2.0698	0   	0   	2.1603	2.1603	0   	0   
75        	76        	1         	I    	-23.5815385788	5.7368e-11    	2.0653	2.0653	0   	0   	2.0757	2.0757	0   	0   
75        	77        	1         	I    	-23.5815385788	5.7368e-11    	2.0653	2.0653	0   	0   	2.0757	2.0757	0   	0   
75        	78        	1         	I    	-22.3396420994	1.9862e-10    	2.0698	2.0698	0   	0   	2.1603	2.1603	0   	0   
76        	77        	1         	I    	-23.5815385788	5.7368e-11    	2.0653	2.0653	0   	0   	2.0757	2.0757	0   	0   
76        	78        	1         	I    	-22.3396420994	1.9862e-10    	2.0698	2.0698	0   	0   	2.1603	2.1603	0   	0   
77        	78        	1         	I    	-22.3396420994	1.9862e-10    	2.0698	2.0698	0   	0   	2.1603	2.1603	0   	0   
79        	80        	1         	I    	-16.4823052522	6.9475e-08    	1.0033	1.0033	0   	0   	2.0216	2.0216	0   	0   
79        	81        	1         	I    	-16.4823052522	6.9475e-08    	1.0033	1.0033	0   	0   	2.0216	2.0216	0   	0   
79        	82        	1         	I    	-16.4823052522	6.9475e-08    	1.0033	1.0033	0   	0   	2.0216	2.0216	0   	0   
79        	83        	1         	I    	-12.1603241621	5.2341e-06    	1.0033	1.0033	0   	0   	1.0063	1.0063	0   	0   
79        	84        	1         	I    	-12.1603241621	5.2341e-06    	1.0033	1.0033	0   	0   	1.0063	1.0063	0   	0   
80        	81        	1         	I    	-21.5003760612	4.5973e-10    	2.0126	2.0126	0   	0   	2.0246	2.0246	0   	0   
80        	82        	1         	I    	-21.5003760612	4.5973e-10    	2.0126	2.0126	0   	0   	2.0246	2.0246	0   	0   
80        	83        	1         	I    	-16.4823052522	6.9475e-08    	2.0216	2.0216	0   	0   	1.0033	1.0033	0   	0   
80        	84        	1         	I    	-16.4823052522	6.9475e-08    	2.0216	2.0216	0   	0   	1.0033	1.0033	0   	0   
80        	103       	1         	I    	-16.4677264296	7.0495e-08    	2.0216	2.0216	0   	0   	1.003	1.003	0   	0   
81        	82        	1         	I    	-21.5003760612	4.5973e-10    	2.0126	2.0126	0   	0   	2.0246	2.0246	0   	0   
81        	83        	1         	I    	-16.4823052522	6.9475e-08    	2.0216	2.0216	0   	0   	1.0033	1.0033	0   	0   
81        	84        	1         	I    	-16.4823052522	6.9475e-08    	2.0216	2.0216	0   	0   	1.0033	1.0033	0   	0   
81        	103       	1         	I    	-16.4677264296	7.0495e-08    	2.0216	2.0216	0   	0   	1.003	1.003	0   	0   
82        	83        	1         	I    	-16.4823052522	6.9475e-08    	2.0216	2.0216	0   	0   	1.0033	1.0033	0   	0   
82        	84        	1         	I    	-16.4823052522	6.9475e-08    	2.0216	2.0216	0   	0   	1.0033	1.0033	0   	0   
82        	103       	1         	I    	-16.4677264296	7.0495e-08    	2.0216	2.0216	0   	0   	1.003	1.003	0   	0   
83        	84        	1         	I    	-12.1603241621	5.2341e-06    	1.0033	1.0033	0   	0   	1.0063	1.0063	0   	0   
85        	86        	1         	I    	-82.5448965301	1.4165e-36    	16.191	16.191	11.258	11.258	4.4351	4.4351	10.188	10.188
85        	87        	1         	I    	-82.5448965301	1.4165e-36    	16.191	16.191	11.258	11.258	4.4351	4.4351	10.188	10.188
85        	88        	1         	I    	-124.3499418263	9.8971e-55    	16.423	16.423	11.062	11.062	15.773	15.773	11.644	11.644
26        	86        	1         	I    	-29.2869406446	1.9092e-13    	1.0097	1.0097	0   	0   	4.4425	4.4425	10.04	10.04
27        	86        	1         	I    	-29.2869406446	1.9092e-13    	1.0097	1.0097	0   	0   	4.4425	4.4425	10.04	10.04
28        	86        	1         	I    	-29.2869406446	1.9092e-13    	1.0097	1.0097	0   	0   	4.4425	4.4425	10.04	10.04
86        	87        	1         	I    	-49.8124435428	2.3266e-22    	4.4809	4.4809	9.3173	9.3173	4.4237	4.4237	10.442	10.442
86        	88        	1         	I    	-82.5448964560	1.4165e-36    	4.4351	4.4351	10.192	10.192	16.191	16.191	11.258	11.258
26        	87        	1         	I    	-29.2869406446	1.9092e-13    	1.0097	1.0097	0   	0   	4.4425	4.4425	10.04	10.04
27        	87        	1         	I    	-29.2869406446	1.9092e-13    	1.0097	1.0097	0   	0   	4.4425	4.4425	10.04	10.04
28        	87        	1         	I    	-29.2869406446	1.9092e-13    	1.0097	1.0097	0   	0   	4.4425	4.4425	10.04	10.04
87        	88        	1         	I    	-82.5448964560	1.4165e-36    	4.4351	4.4351	10.192	10.192	16.191	16.191	11.258	11.258
51        	89        	1         	I    	-60.6250508991	4.6868e-27    	11.425	11.425	14.134	14.134	4.2989	4.2989	0   	0   
80        	89        	1         	I    	-29.9391624231	9.9446e-14    	2.0156	2.0156	0   	0   	4.2931	4.2931	0   	0   
81        	89        	1         	I    	-29.9391624231	9.9446e-14    	2.0156	2.0156	0   	0   	4.2931	4.2931	0   	0   
82        	89        	1         	I    	-29.9391624231	9.9446e-14    	2.0156	2.0156	0   	0   	4.2931	4.2931	0   	0   
89        	90        	1         	I    	-41.1571665659	1.3356e-18    	4.3045	4.3045	0   	0   	4.2682	4.2682	0   	0   
89        	91        	1         	I    	-41.1571665659	1.3356e-18    	4.3045	4.3045	0   	0   	4.2682	4.2682	0   	0   
89        	92        	1         	I    	-41.1571665659	1.3356e-18    	4.3045	4.3045	0   	0   	4.2682	4.2682	0   	0   
89        	103       	1         	I    	-25.5996518672	7.6245e-12    	4.2931	4.2931	0   	0   	1.003	1.003	0   	0   
51        	90        	1         	I    	-60.6250508991	4.6868e-27    	11.425	11.425	14.134	14.134	4.2989	4.2989	0   	0   
80        	90        	1         	I    	-29.9391624231	9.9446e-14    	2.0156	2.0156	0   	0   	4.2931	4.2931	0   	0   
81        	90        	1         	I    	-29.9391624231	9.9446e-14    	2.0156	2.0156	0   	0   	4.2931	4.2931	0   	0   
82        	90        	1         	I    	-29.9391624231	9.9446e-14    	2.0156	2.0156	0   	0   	4.2931	4.2931	0   	0   
90        	91        	1         	I    	-41.1571665659	1.3356e-18    	4.3045	4.3045	0   	0   	4.2682	4.2682	0   	0   
90        	92        	1         	I    	-41.1571665659	1.3356e-18    	4.3045	4.3045	0   	0   	4.2682	4.2682	0   	0   
90        	103       	1         	I    	-25.5996518672	7.6245e-12    	4.2931	4.2931	0   	0   	1.003	1.003	0   	0   
51        	91        	1         	I    	-60.6250508991	4.6868e-27    	11.425	11.425	14.134	14.134	4.2989	4.2989	0   	0   
80        	91        	1         	I    	-29.9391624231	9.9446e-14    	2.0156	2.0156	0   	0   	4.2931	4.2931	0   	0   
81        	91        	1         	I    	-29.9391624231	9.9446e-14    	2.0156	2.0156	0   	0   	4.2931	4.2931	0   	0   
82        	91        	1         	I    	-29.9391624231	9.9446e-14    	2.0156	2.0156	0   	0   	4.2931	4.2931	0   	0   
91        	92        	1         	I    	-41.1571665659	1.3356e-18    	4.3045	4.3045	0   	0   	4.2682	4.2682	0   	0   
91        	103       	1         	I    	-25.5996518672	7.6245e-12    	4.2931	4.2931	0   	0   	1.003	1.003	0   	0   
51        	92        	1         	I    	-60.6250508991	4.6868e-27    	11.425	11.425	14.134	14.134	4.2989	4.2989	0   	0   
80        	92        	1         	I    	-29.9391624231	9.9446e-14    	2.0156	2.0156	0   	0   	4.2931	4.2931	0   	0   
81        	92        	1         	I    	-29.9391624231	9.9446e-14    	2.0156	2.0156	0   	0   	4.2931	4.2931	0   	0   
82        	92        	1         	I    	-29.9391624231	9.9446e-14    	2.0156	2.0156	0   	0   	4.2931	4.2931	0   	0   
92        	103       	1         	I    	-25.5996518672	7.6245e-12    	4.2931	4.2931	0   	0   	1.003	1.003	0   	0   
93        	94        	1         	I    	-37.2207724197	6.8426e-17    	1.0369	1.0369	84.39	84.39	1.0346	1.0346	89.676	89.676
93        	97        	1         	I    	-50.1485301358	1.6625e-22    	1.0346	1.0346	89.647	89.647	4.2279	4.2279	55.65	55.65
93        	98        	1         	I    	-37.2207724197	6.8426e-17    	1.0369	1.0369	84.39	84.39	1.0346	1.0346	89.676	89.676
94        	97        	1         	I    	-50.1485301358	1.6625e-22    	1.0346	1.0346	89.647	89.647	4.2279	4.2279	55.65	55.65
94        	98        	1         	I    	-37.2207724197	6.8426e-17    	1.0369	1.0369	84.39	84.39	1.0346	1.0346	89.676	89.676
95        	100       	1         	I    	-38.7171876747	1.5323e-17    	4.3894	4.3894	0   	0   	4.339	4.339	0   	0   
95        	101       	1         	I    	-38.7171876747	1.5323e-17    	4.3894	4.3894	0   	0   	4.339	4.339	0   	0   
96        	99        	1         	I    	-78.4441227500	8.5536e-35    	4.2978	4.2978	10.426	10.426	3.9558	3.9558	10.707	10.707
96        	102       	1         	I    	-78.4441227500	8.5536e-35    	4.2978	4.2978	10.426	10.426	3.9558	3.9558	10.707	10.707
15        	97        	1         	I    	-75.6039464110	1.4643e-33    	8.398	8.398	42.201	42.201	4.2098	4.2098	60.198	60.198
97        	98        	1         	I    	-50.1485301358	1.6625e-22    	4.2279	4.2279	55.65	55.65	1.0346	1.0346	89.647	89.647
99        	102       	1         	I    	-78.4441227500	8.5536e-35    	4.2978	4.2978	10.426	10.426	3.9558	3.9558	10.707	10.707
100       	101       	1         	I    	-38.7171876747	1.5323e-17    	4.3894	4.3894	0   	0   	4.339	4.339	0   	0   
26        	104       	1         	I    	-49.8623132537	2.2135e-22    	1.0058	1.0058	0   	0   	9.4705	9.4705	0   	0   
27        	104       	1         	I    	-49.8623132537	2.2135e-22    	1.0058	1.0058	0   	0   	9.4705	9.4705	0   	0   
28        	104       	1         	I    	-49.8623132537	2.2135e-22    	1.0058	1.0058	0   	0   	9.4705	9.4705	0   	0   
89        	105       	1         	I    	-81.3880704848	4.5041e-36    	4.2767	4.2767	0   	0   	18.053	18.053	5.9136	5.9136
90        	105       	1         	I    	-81.3880704848	4.5041e-36    	4.2767	4.2767	0   	0   	18.053	18.053	5.9136	5.9136
91        	105       	1         	I    	-81.3880704848	4.5041e-36    	4.2767	4.2767	0   	0   	18.053	18.053	5.9136	5.9136
92        	105       	1         	I    	-81.3880704848	4.5041e-36    	4.2767	4.2767	0   	0   	18.053	18.053	5.9136	5.9136
95        	105       	1         	I    	-80.1637563056	1.5322e-35    	4.3514	4.3514	0   	0   	18.065	18.065	5.8936	5.8936
96        	105       	1         	I    	-98.9931566351	1.0182e-43    	4.1696	4.1696	10.524	10.524	18.07	18.07	5.8854	5.8854
99        	105       	1         	I    	-98.9931566351	1.0182e-43    	4.1696	4.1696	10.524	10.524	18.07	18.07	5.8854	5.8854
100       	105       	1         	I    	-80.1637563056	1.5322e-35    	4.3514	4.3514	0   	0   	18.065	18.065	5.8936	5.8936
101       	105       	1         	I    	-80.1637563056	1.5322e-35    	4.3514	4.3514	0   	0   	18.065	18.065	5.8936	5.8936
102       	105       	1         	I    	-98.9931566351	1.0182e-43    	4.1696	4.1696	10.524	10.524	18.07	18.07	5.8854	5.8854
105       	106       	1         	I    	-132.7323931223	2.2649e-58    	18.292	18.292	5.5572	5.5572	17.732	17.732	6.491	6.491
105       	107       	1         	I    	-129.6727804879	4.8287e-57    	18.272	18.272	5.5844	5.5844	16.44	16.44	6.7385	6.7385
105       	108       	1         	I    	-132.7323931223	2.2649e-58    	18.292	18.292	5.5572	5.5572	17.732	17.732	6.491	6.491
105       	109       	1         	I    	-129.6727804879	4.8287e-57    	18.272	18.272	5.5844	5.5844	16.44	16.44	6.7385	6.7385
105       	110       	1         	I    	-132.7323931223	2.2649e-58    	18.292	18.292	5.5572	5.5572	17.732	17.732	6.491	6.491
105       	111       	1         	I    	-132.7323931223	2.2649e-58    	18.292	18.292	5.5572	5.5572	17.732	17.732	6.491	6.491
89        	106       	1         	I    	-81.3880704848	4.5041e-36    	4.2767	4.2767	0   	0   	18.053	18.053	5.9136	5.9136
90        	106       	1         	I    	-81.3880704848	4.5041e-36    	4.2767	4.2767	0   	0   	18.053	18.053	5.9136	5.9136
91        	106       	1         	I    	-81.3880704848	4.5041e-36    	4.2767	4.2767	0   	0   	18.053	18.053	5.9136	5.9136
92        	106       	1         	I    	-81.3880704848	4.5041e-36    	4.2767	4.2767	0   	0   	18.053	18.053	5.9136	5.9136
95        	106       	1         	I    	-80.1637563056	1.5322e-35    	4.3514	4.3514	0   	0   	18.065	18.065	5.8936	5.8936
96        	106       	1         	I    	-98.9931566351	1.0182e-43    	4.1696	4.1696	10.524	10.524	18.07	18.07	5.8854	5.8854
99        	106       	1         	I    	-98.9931566351	1.0182e-43    	4.1696	4.1696	10.524	10.524	18.07	18.07	5.8854	5.8854
100       	106       	1         	I    	-80.1637563056	1.5322e-35    	4.3514	4.3514	0   	0   	18.065	18.065	5.8936	5.8936
101       	106       	1         	I    	-80.1637563056	1.5322e-35    	4.3514	4.3514	0   	0   	18.065	18.065	5.8936	5.8936
102       	106       	1         	I    	-98.9931566351	1.0182e-43    	4.1696	4.1696	10.524	10.524	18.07	18.07	5.8854	5.8854
106       	107       	1         	I    	-129.6727804879	4.8287e-57    	18.272	18.272	5.5844	5.5844	16.44	16.44	6.7385	6.7385
106       	108       	1         	I    	-132.7323931223	2.2649e-58    	18.292	18.292	5.5572	5.5572	17.732	17.732	6.491	6.491
106       	109       	1         	I    	-129.6720175448	4.8323e-57    	18.278	18.278	5.5765	5.5765	16.435	16.435	6.7501	6.7501
106       	110       	1         	I    	-132.7323931223	2.2649e-58    	18.292	18.292	5.5572	5.5572	17.732	17.732	6.491	6.491
106       	111       	1         	I    	-132.7323931223	2.2649e-58    	18.292	18.292	5.5572	5.5572	17.732	17.732	6.491	6.491
89        	107       	1         	I    	-79.0427533046	4.7008e-35    	4.2767	4.2767	0   	0   	16.718	16.718	6.1512	6.1512
90        	107       	1         	I    	-79.0427533046	4.7008e-35    	4.2767	4.2767	0   	0   	16.718	16.718	6.1512	6.1512
91        	107       	1         	I    	-79.0427533046	4.7008e-35    	4.2767	4.2767	0   	0   	16.718	16.718	6.1512	6.1512
92        	107       	1         	I    	-79.0427533046	4.7008e-35    	4.2767	4.2767	0   	0   	16.718	16.718	6.1512	6.1512
95        	107       	1         	I    	-77.8193395660	1.5977e-34    	4.3514	4.3514	0   	0   	16.729	16.729	6.1294	6.1294
96        	107       	1         	I    	-96.6491100241	1.0613e-42    	4.1697	4.1697	10.524	10.524	16.734	16.734	6.1206	6.1206
99        	107       	1         	I    	-96.6491100241	1.0613e-42    	4.1697	4.1697	10.524	10.524	16.734	16.734	6.1206	6.1206
100       	107       	1         	I    	-77.8193395660	1.5977e-34    	4.3514	4.3514	0   	0   	16.729	16.729	6.1294	6.1294
101       	107       	1         	I    	-77.8193395660	1.5977e-34    	4.3514	4.3514	0   	0   	16.729	16.729	6.1294	6.1294
102       	107       	1         	I    	-96.6491100241	1.0613e-42    	4.1697	4.1697	10.524	10.524	16.734	16.734	6.1206	6.1206
107       	108       	1         	I    	-129.6727804879	4.8287e-57    	16.44	16.44	6.7385	6.7385	18.272	18.272	5.5844	5.5844
107       	109       	1         	I    	-127.3430705197	4.9614e-56    	16.439	16.439	6.7395	6.7395	16.92	16.92	5.7952	5.7952
107       	110       	1         	I    	-129.6727804879	4.8287e-57    	16.44	16.44	6.7385	6.7385	18.272	18.272	5.5844	5.5844
107       	111       	1         	I    	-129.6727804879	4.8287e-57    	16.44	16.44	6.7385	6.7385	18.272	18.272	5.5844	5.5844
89        	108       	1         	I    	-81.3880704848	4.5041e-36    	4.2767	4.2767	0   	0   	18.053	18.053	5.9136	5.9136
90        	108       	1         	I    	-81.3880704848	4.5041e-36    	4.2767	4.2767	0   	0   	18.053	18.053	5.9136	5.9136
91        	108       	1         	I    	-81.3880704848	4.5041e-36    	4.2767	4.2767	0   	0   	18.053	18.053	5.9136	5.9136
92        	108       	1         	I    	-81.3880704848	4.5041e-36    	4.2767	4.2767	0   	0   	18.053	18.053	5.9136	5.9136
95        	108       	1         	I    	-80.1637563056	1.5322e-35    	4.3514	4.3514	0   	0   	18.065	18.065	5.8936	5.8936
96        	108       	1         	I    	-98.9931566351	1.0182e-43    	4.1696	4.1696	10.524	10.524	18.07	18.07	5.8854	5.8854
99        	108       	1         	I    	-98.9931566351	1.0182e-43    	4.1696	4.1696	10.524	10.524	18.07	18.07	5.8854	5.8854
100       	108       	1         	I    	-80.1637563056	1.5322e-35    	4.3514	4.3514	0   	0   	18.065	18.065	5.8936	5.8936
101       	108       	1         	I    	-80.1637563056	1.5322e-35    	4.3514	4.3514	0   	0   	18.065	18.065	5.8936	5.8936
102       	108       	1         	I    	-98.9931566351	1.0182e-43    	4.1696	4.1696	10.524	10.524	18.07	18.07	5.8854	5.8854
108       	109       	1         	I    	-129.6727804879	4.8287e-57    	18.272	18.272	5.5844	5.5844	16.44	16.44	6.7385	6.7385
108       	110       	1         	I    	-132.7323931223	2.2649e-58    	18.292	18.292	5.5572	5.5572	17.732	17.732	6.491	6.491
108       	111       	1         	I    	-132.7323931223	2.2649e-58    	18.292	18.292	5.5572	5.5572	17.732	17.732	6.491	6.491
89        	109       	1         	I    	-79.0427533046	4.7008e-35    	4.2767	4.2767	0   	0   	16.718	16.718	6.1512	6.1512
90        	109       	1         	I    	-79.0427533046	4.7008e-35    	4.2767	4.2767	0   	0   	16.718	16.718	6.1512	6.1512
91        	109       	1         	I    	-79.0427533046	4.7008e-35    	4.2767	4.2767	0   	0   	16.718	16.718	6.1512	6.1512
92        	109       	1         	I    	-79.0427533046	4.7008e-35    	4.2767	4.2767	0   	0   	16.718	16.718	6.1512	6.1512
95        	109       	1         	I    	-77.8193395660	1.5977e-34    	4.3514	4.3514	0   	0   	16.729	16.729	6.1294	6.1294
96        	109       	1         	I    	-96.6491100241	1.0613e-42    	4.1697	4.1697	10.524	10.524	16.734	16.734	6.1206	6.1206
99        	109       	1         	I    	-96.6491100241	1.0613e-42    	4.1697	4.1697	10.524	10.524	16.734	16.734	6.1206	6.1206
100       	109       	1         	I    	-77.8193395660	1.5977e-34    	4.3514	4.3514	0   	0   	16.729	16.729	6.1294	6.1294
101       	109       	1         	I    	-77.8193395660	1.5977e-34    	4.3514	4.3514	0   	0   	16.729	16.729	6.1294	6.1294
102       	109       	1         	I    	-96.6491100241	1.0613e-42    	4.1697	4.1697	10.524	10.524	16.734	16.734	6.1206	6.1206
109       	110       	1         	I    	-129.6727804879	4.8287e-57    	16.44	16.44	6.7385	6.7385	18.272	18.272	5.5844	5.5844
109       	111       	1         	I    	-129.6727804879	4.8287e-57    	16.44	16.44	6.7385	6.7385	18.272	18.272	5.5844	5.5844
89        	110       	1         	I    	-81.3880704848	4.5041e-36    	4.2767	4.2767	0   	0   	18.053	18.053	5.9136	5.9136
90        	110       	1         	I    	-81.3880704848	4.5041e-36    	4.2767	4.2767	0   	0   	18.053	18.053	5.9136	5.9136
91        	110       	1         	I    	-81.3880704848	4.5041e-36    	4.2767	4.2767	0   	0   	18.053	18.053	5.9136	5.9136
92        	110       	1         	I    	-81.3880704848	4.5041e-36    	4.2767	4.2767	0   	0   	18.053	18.053	5.9136	5.9136
95        	110       	1         	I    	-80.1637563056	1.5322e-35    	4.3514	4.3514	0   	0   	18.065	18.065	5.8936	5.8936
96        	110       	1         	I    	-98.9931566351	1.0182e-43    	4.1696	4.1696	10.524	10.524	18.07	18.07	5.8854	5.8854
99        	110       	1         	I    	-98.9931566351	1.0182e-43    	4.1696	4.1696	10.524	10.524	18.07	18.07	5.8854	5.8854
100       	110       	1         	I    	-80.1637563056	1.5322e-35    	4.3514	4.3514	0   	0   	18.065	18.065	5.8936	5.8936
101       	110       	1         	I    	-80.1637563056	1.5322e-35    	4.3514	4.3514	0   	0   	18.065	18.065	5.8936	5.8936
102       	110       	1         	I    	-98.9931566351	1.0182e-43    	4.1696	4.1696	10.524	10.524	18.07	18.07	5.8854	5.8854
110       	111       	1         	I    	-132.7323931223	2.2649e-58    	18.292	18.292	5.5572	5.5572	17.732	17.732	6.491	6.491
89        	111       	1         	I    	-81.3880704848	4.5041e-36    	4.2767	4.2767	0   	0   	18.053	18.053	5.9136	5.9136
90        	111       	1         	I    	-81.3880704848	4.5041e-36    	4.2767	4.2767	0   	0   	18.053	18.053	5.9136	5.9136
91        	111       	1         	I    	-81.3880704848	4.5041e-36    	4.2767	4.2767	0   	0   	18.053	18.053	5.9136	5.9136
92        	111       	1         	I    	-81.3880704848	4.5041e-36    	4.2767	4.2767	0   	0   	18.053	18.053	5.9136	5.9136
95        	111       	1         	I    	-80.1637563056	1.5322e-35    	4.3514	4.3514	0   	0   	18.065	18.065	5.8936	5.8936
96        	111       	1         	I    	-98.9931566351	1.0182e-43    	4.1696	4.1696	10.524	10.524	18.07	18.07	5.8854	5.8854
99        	111       	1         	I    	-98.9931566351	1.0182e-43    	4.1696	4.1696	10.524	10.524	18.07	18.07	5.8854	5.8854
100       	111       	1         	I    	-80.1637563056	1.5322e-35    	4.3514	4.3514	0   	0   	18.065	18.065	5.8936	5.8936
101       	111       	1         	I    	-80.1637563056	1.5322e-35    	4.3514	4.3514	0   	0   	18.065	18.065	5.8936	5.8936
102       	111       	1         	I    	-98.9931566351	1.0182e-43    	4.1696	4.1696	10.524	10.524	18.07	18.07	5.8854	5.8854
95        	112       	1         	I    	-121.2865771798	2.1179e-53    	4.3431	4.3431	0   	0   	3.2372	3.2372	37.622	37.622
100       	112       	1         	I    	-121.2865771798	2.1179e-53    	4.3431	4.3431	0   	0   	3.2372	3.2372	37.622	37.622
101       	112       	1         	I    	-121.2865771798	2.1179e-53    	4.3431	4.3431	0   	0   	3.2372	3.2372	37.622	37.622
112       	113       	1         	I    	-228.0272720730	9.3114e-100   	3.5314	3.5314	36.271	36.271	2.7144	2.7144	49.082	49.082
112       	114       	1         	I    	-208.4069317717	3.0904e-91    	3.4664	3.4664	36.542	36.542	1.6856	1.6856	100.8	100.8
112       	115       	1         	I    	-228.0272720730	9.3114e-100   	3.5314	3.5314	36.271	36.271	2.7144	2.7144	49.082	49.082
112       	116       	1         	I    	-228.0272720730	9.3114e-100   	3.5314	3.5314	36.271	36.271	2.7144	2.7144	49.082	49.082
112       	117       	1         	I    	-228.0272720730	9.3114e-100   	3.5314	3.5314	36.271	36.271	2.7144	2.7144	49.082	49.082
112       	118       	1         	I    	-221.4236898286	6.8693e-97    	3.5468	3.5468	36.209	36.209	3.0585	3.0585	38.63	38.63
95        	113       	1         	I    	-128.7623661981	1.2001e-56    	4.3435	4.3435	0   	0   	2.845	2.845	47.802	47.802
100       	113       	1         	I    	-128.7623661981	1.2001e-56    	4.3435	4.3435	0   	0   	2.845	2.845	47.802	47.802
101       	113       	1         	I    	-128.7623661981	1.2001e-56    	4.3435	4.3435	0   	0   	2.845	2.845	47.802	47.802
113       	114       	1         	I    	-219.8321959107	3.3736e-96    	3.0895	3.0895	45.836	45.836	1.6645	1.6645	102.7	102.7
113       	115       	1         	I    	-239.8951534013	6.5292e-105   	2.655	2.655	49.732	49.732	3.1492	3.1492	45.424	45.424
113       	116       	1         	I    	-239.8951534013	6.5292e-105   	2.655	2.655	49.732	49.732	3.1492	3.1492	45.424	45.424
113       	117       	1         	I    	-239.8951534013	6.5292e-105   	2.655	2.655	49.732	49.732	3.1492	3.1492	45.424	45.424
113       	118       	1         	I    	-228.0273358029	9.3108e-100   	2.7144	2.7144	49.082	49.082	3.5313	3.5313	36.352	36.352
44        	114       	1         	I    	-142.5925761121	1.1826e-62    	13.133	13.133	6.1569	6.1569	1.7024	1.7024	99.368	99.368
114       	115       	1         	I    	-219.8321959107	3.3736e-96    	1.6645	1.6645	102.7	102.7	3.0895	3.0895	45.836	45.836
114       	116       	1         	I    	-219.8321959107	3.3736e-96    	1.6645	1.6645	102.7	102.7	3.0895	3.0895	45.836	45.836
114       	117       	1         	I    	-219.8321959107	3.3736e-96    	1.6645	1.6645	102.7	102.7	3.0895	3.0895	45.836	45.836
114       	118       	1         	I    	-208.4069317717	3.0904e-91    	1.6856	1.6856	100.8	100.8	3.4664	3.4664	36.542	36.542
95        	115       	1         	I    	-128.7623661981	1.2001e-56    	4.3435	4.3435	0   	0   	2.845	2.845	47.802	47.802
100       	115       	1         	I    	-128.7623661981	1.2001e-56    	4.3435	4.3435	0   	0   	2.845	2.845	47.802	47.802
101       	115       	1         	I    	-128.7623661981	1.2001e-56    	4.3435	4.3435	0   	0   	2.845	2.845	47.802	47.802
115       	116       	1         	I    	-239.8951534013	6.5292e-105   	2.655	2.655	49.732	49.732	3.1492	3.1492	45.424	45.424
115       	117       	1         	I    	-239.8951534013	6.5292e-105   	2.655	2.655	49.732	49.732	3.1492	3.1492	45.424	45.424
115       	118       	1         	I    	-228.0273358029	9.3108e-100   	2.7144	2.7144	49.082	49.082	3.5313	3.5313	36.352	36.352
95        	116       	1         	I    	-128.7623661981	1.2001e-56    	4.3435	4.3435	0   	0   	2.845	2.845	47.802	47.802
100       	116       	1         	I    	-128.7623661981	1.2001e-56    	4.3435	4.3435	0   	0   	2.845	2.845	47.802	47.802
101       	116       	1         	I    	-128.7623661981	1.2001e-56    	4.3435	4.3435	0   	0   	2.845	2.845	47.802	47.802
116       	117       	1         	I    	-239.8951534013	6.5292e-105   	2.655	2.655	49.732	49.732	3.1492	3.1492	45.424	45.424
116       	118       	1         	I    	-228.0273358029	9.3108e-100   	2.7144	2.7144	49.082	49.082	3.5313	3.5313	36.352	36.352
95        	117       	1         	I    	-128.7623661981	1.2001e-56    	4.3435	4.3435	0   	0   	2.845	2.845	47.802	47.802
100       	117       	1         	I    	-128.7623661981	1.2001e-56    	4.3435	4.3435	0   	0   	2.845	2.845	47.802	47.802
101       	117       	1         	I    	-128.7623661981	1.2001e-56    	4.3435	4.3435	0   	0   	2.845	2.845	47.802	47.802
117       	118       	1         	I    	-228.0273358029	9.3108e-100   	2.7144	2.7144	49.082	49.082	3.5313	3.5313	36.352	36.352
95        	118       	1         	I    	-121.2865771798	2.1179e-53    	4.3431	4.3431	0   	0   	3.2372	3.2372	37.622	37.622
100       	118       	1         	I    	-121.2865771798	2.1179e-53    	4.3431	4.3431	0   	0   	3.2372	3.2372	37.622	37.622
101       	118       	1         	I    	-121.2865771798	2.1179e-53    	4.3431	4.3431	0   	0   	3.2372	3.2372	37.622	37.622
119       	120       	1         	I    	-20.8560768971	8.7563e-10    	2.02	2.02	0   	0   	2.0343	2.0343	0   	0   
119       	121       	1         	I    	-20.8560768971	8.7563e-10    	2.02	2.02	0   	0   	2.0343	2.0343	0   	0   
119       	122       	1         	I    	-20.8560768971	8.7563e-10    	2.02	2.02	0   	0   	2.0343	2.0343	0   	0   
119       	123       	1         	I    	-20.8560768971	8.7563e-10    	2.02	2.02	0   	0   	2.0343	2.0343	0   	0   
119       	124       	1         	I    	-20.8560768971	8.7563e-10    	2.02	2.02	0   	0   	2.0343	2.0343	0   	0   
119       	125       	1         	I    	-20.8560768971	8.7563e-10    	2.02	2.02	0   	0   	2.0343	2.0343	0   	0   
119       	126       	1         	I    	-20.8560768971	8.7563e-10    	2.02	2.02	0   	0   	2.0343	2.0343	0   	0   
119       	127       	1         	I    	-20.8560768971	8.7563e-10    	2.02	2.02	0   	0   	2.0343	2.0343	0   	0   
120       	121       	1         	I    	-20.8560768971	8.7563e-10    	2.02	2.02	0   	0   	2.0343	2.0343	0   	0   
120       	122       	1         	I    	-20.8560768971	8.7563e-10    	2.02	2.02	0   	0   	2.0343	2.0343	0   	0   
120       	123       	1         	I    	-20.8560768971	8.7563e-10    	2.02	2.02	0   	0   	2.0343	2.0343	0   	0   
120       	124       	1         	I    	-20.8560768971	8.7563e-10    	2.02	2.02	0   	0   	2.0343	2.0343	0   	0   
120       	125       	1         	I    	-20.8560768971	8.7563e-10    	2.02	2.02	0   	0   	2.0343	2.0343	0   	0   
120       	126       	1         	I    	-20.8560768971	8.7563e-10    	2.02	2.02	0   	0   	2.0343	2.0343	0   	0   
120       	127       	1         	I    	-20.8560768971	8.7563e-10    	2.02	2.02	0   	0   	2.0343	2.0343	0   	0   
121       	122       	1         	I    	-20.8560768971	8.7563e-10    	2.02	2.02	0   	0   	2.0343	2.0343	0   	0   
121       	123       	1         	I    	-20.8560768971	8.7563e-10    	2.02	2.02	0   	0   	2.0343	2.0343	0   	0   
121       	124       	1         	I    	-20.8560768971	8.7563e-10    	2.02	2.02	0   	0   	2.0343	2.0343	0   	0   
121       	125       	1         	I    	-20.8560768971	8.7563e-10    	2.02	2.02	0   	0   	2.0343	2.0343	0   	0   
121       	126       	1         	I    	-20.8560768971	8.7563e-10    	2.02	2.02	0   	0   	2.0343	2.0343	0   	0   
121       	127       	1         	I    	-20.8560768971	8.7563e-10    	2.02	2.02	0   	0   	2.0343	2.0343	0   	0   
122       	123       	1         	I    	-20.8560768971	8.7563e-10    	2.02	2.02	0   	0   	2.0343	2.0343	0   	0   
122       	124       	1         	I    	-20.8560768971	8.7563e-10    	2.02	2.02	0   	0   	2.0343	2.0343	0   	0   
122       	125       	1         	I    	-20.8560768971	8.7563e-10    	2.02	2.02	0   	0   	2.0343	2.0343	0   	0   
122       	126       	1         	I    	-20.8560768971	8.7563e-10    	2.02	2.02	0   	0   	2.0343	2.0343	0   	0   
122       	127       	1         	I    	-20.8560768971	8.7563e-10    	2.02	2.02	0   	0   	2.0343	2.0343	0   	0   
123       	124       	1         	I    	-20.8560768971	8.7563e-10    	2.02	2.02	0   	0   	2.0343	2.0343	0   	0   
123       	125       	1         	I    	-20.8560768971	8.7563e-10    	2.02	2.02	0   	0   	2.0343	2.0343	0   	0   
123       	126       	1         	I    	-20.8560768971	8.7563e-10    	2.02	2.02	0   	0   	2.0343	2.0343	0   	0   
123       	127       	1         	I    	-20.8560768971	8.7563e-10    	2.02	2.02	0   	0   	2.0343	2.0343	0   	0   
124       	125       	1         	I    	-20.8560768971	8.7563e-10    	2.02	2.02	0   	0   	2.0343	2.0343	0   	0   
124       	126       	1         	I    	-20.8560768971	8.7563e-10    	2.02	2.02	0   	0   	2.0343	2.0343	0   	0   
124       	127       	1         	I    	-20.8560768971	8.7563e-10    	2.02	2.02	0   	0   	2.0343	2.0343	0   	0   
125       	126       	1         	I    	-20.8560768971	8.7563e-10    	2.02	2.02	0   	0   	2.0343	2.0343	0   	0   
125       	127       	1         	I    	-20.8560768971	8.7563e-10    	2.02	2.02	0   	0   	2.0343	2.0343	0   	0   
126       	127       	1         	I    	-20.8560768971	8.7563e-10    	2.02	2.02	0   	0   	2.0343	2.0343	0   	0   
