Event1    	Event2    	Tree      	Model	lnML          	ML            	mu1 	mu1star	nu1 	nu1star	mu2 	mu2star	nu2 	nu2star
4         	21        	1         	a    	-5.5219717694 	0.003998      	1   	1   	1   	1   	0   	1000	0   	1000
4         	95        	1         	a    	-20.6552128456	1.0704e-09    	1   	1   	1   	1   	3.0027	1000	3.0027	1000
4         	100       	1         	a    	-20.6552128456	1.0704e-09    	1   	1   	1   	1   	3.0027	1000	3.0027	1000
4         	101       	1         	a    	-20.6552128456	1.0704e-09    	1   	1   	1   	1   	3.0027	1000	3.0027	1000
7         	8         	1         	a    	-112.6497913032	1.1935e-49    	8   	8   	8   	8   	13.062	1000	13.062	1000
7         	22        	1         	a    	-77.7413981338	1.7272e-34    	8   	8   	8   	8   	7.8109	28.897	7.8109	28.897
7         	23        	1         	a    	-46.0380850608	1.0137e-20    	8   	8   	8   	8   	0   	9.1027	0   	9.1027
7         	24        	1         	a    	-46.0380850608	1.0137e-20    	8   	8   	8   	8   	0   	9.1027	0   	9.1027
7         	43        	1         	a    	-65.8730121516	2.4644e-29    	8   	8   	8   	8   	5.6133	0   	5.6133	0   
7         	44        	1         	a    	-82.3640571749	1.6972e-36    	8   	8   	8   	8   	13.293	0   	13.293	0   
7         	45        	1         	a    	-46.0380850608	1.0137e-20    	8   	8   	8   	8   	0   	9.1027	0   	9.1027
7         	47        	1         	a    	-46.0380850608	1.0137e-20    	8   	8   	8   	8   	0   	9.1027	0   	9.1027
8         	22        	1         	a    	-130.4283819154	2.2682e-57    	20  	20  	20  	20  	4.8279	34.99	4.8279	34.99
8         	43        	1         	a    	-119.7937226542	9.4243e-53    	20  	20  	20  	20  	6.2118	0   	6.2118	0   
8         	44        	1         	a    	-134.8624461567	2.6914e-59    	20  	20  	20  	20  	6.0063	41.779	6.0063	41.779
8         	51        	1         	a    	-130.9752854559	1.3127e-57    	20  	20  	20  	20  	8.7153	48.736	8.7153	48.736
11        	22        	1         	a    	-50.8151877230	8.5358e-23    	5   	5   	5   	5   	5.0151	1000	5.0151	1000
11        	23        	1         	a    	-35.5987748981	3.4646e-16    	5   	5   	5   	5   	0   	10.409	0   	10.409
11        	24        	1         	a    	-35.5987748981	3.4646e-16    	5   	5   	5   	5   	0   	10.409	0   	10.409
11        	44        	1         	a    	-56.4300069895	3.11e-25      	5   	5   	5   	5   	7.0211	1000	7.0211	1000
11        	45        	1         	a    	-35.5987748981	3.4646e-16    	5   	5   	5   	5   	0   	10.409	0   	10.409
11        	46        	1         	a    	-51.6191445622	3.8202e-23    	5   	5   	5   	5   	5.011	1000	5.011	1000
11        	47        	1         	a    	-35.5987748981	3.4646e-16    	5   	5   	5   	5   	0   	10.409	0   	10.409
12        	13        	1         	a    	-96.6509614418	1.0593e-42    	12  	12  	12  	12  	14.185	8.149	14.185	8.149
12        	15        	1         	a    	-97.8270029619	3.2679e-43    	12  	12  	12  	12  	24.975	7.9556	24.975	7.9556
12        	43        	1         	a    	-78.7872234942	6.0694e-35    	12  	12  	12  	12  	12.73	3.5592	12.73	3.5592
12        	63        	1         	a    	-95.8194233198	2.4331e-42    	12  	12  	12  	12  	8.7962	66.285	8.7962	66.285
12        	64        	1         	a    	-95.8194233198	2.4331e-42    	12  	12  	12  	12  	8.7962	66.285	8.7962	66.285
12        	65        	1         	a    	-95.8194233198	2.4331e-42    	12  	12  	12  	12  	8.7962	66.285	8.7962	66.285
12        	66        	1         	a    	-95.8194233198	2.4331e-42    	12  	12  	12  	12  	8.7962	66.285	8.7962	66.285
12        	67        	1         	a    	-95.8194233198	2.4331e-42    	12  	12  	12  	12  	8.7962	66.285	8.7962	66.285
13        	15        	1         	a    	-77.0917734592	3.3073e-34    	9   	9   	9   	9   	3.1225	178.49	3.1225	178.49
13        	43        	1         	a    	-61.6387942661	1.7006e-27    	9   	9   	9   	9   	1.0273	150.75	1.0273	150.75
13        	44        	1         	a    	-85.5866409931	6.7639e-38    	9   	9   	9   	9   	9.3306	84.668	9.3306	84.668
15        	43        	1         	a    	-68.7210271195	1.4284e-30    	10  	10  	10  	10  	2.0701	88.575	2.0701	88.575
7         	16        	1         	a    	-64.9597155504	6.1426e-29    	8   	8   	8   	8   	2.247	9.0962	2.247	9.0962
8         	16        	1         	a    	-118.4540431295	3.598e-52     	20  	20  	20  	20  	3.8779	0   	3.8779	0   
11        	16        	1         	a    	-54.5511925592	2.0357e-24    	5   	5   	5   	5   	2.2127	10.405	2.2127	10.405
13        	16        	1         	a    	-62.8518091671	5.056e-28     	9   	9   	9   	9   	0   	45.821	0   	45.821
15        	16        	1         	a    	-64.5104565861	9.6264e-29    	10  	10  	10  	10  	0   	68.147	0   	68.147
16        	22        	1         	a    	-63.3520025874	3.066e-28     	3   	3   	3   	3   	9.0011	1000	9.0011	1000
16        	23        	1         	a    	-30.5446894965	5.4276e-14    	3   	3   	3   	3   	0   	1000	0   	1000
16        	24        	1         	a    	-30.5446894965	5.4276e-14    	3   	3   	3   	3   	0   	1000	0   	1000
16        	43        	1         	a    	-50.5588223258	1.103e-22     	3   	3   	3   	3   	4.0005	1000	4.0005	1000
16        	44        	1         	a    	-67.8987429120	3.2505e-30    	3   	3   	3   	3   	11.001	1000	11.001	1000
16        	45        	1         	a    	-30.5446894965	5.4276e-14    	3   	3   	3   	3   	0   	1000	0   	1000
16        	47        	1         	a    	-30.5446894965	5.4276e-14    	3   	3   	3   	3   	0   	1000	0   	1000
21        	95        	1         	a    	-20.6552128456	1.0704e-09    	1   	1   	1   	1   	3.0027	1000	3.0027	1000
21        	100       	1         	a    	-20.6552128456	1.0704e-09    	1   	1   	1   	1   	3.0027	1000	3.0027	1000
21        	101       	1         	a    	-20.6552128456	1.0704e-09    	1   	1   	1   	1   	3.0027	1000	3.0027	1000
22        	44        	1         	a    	-54.1866018632	2.9313e-24    	10  	10  	10  	10  	2.0151	1000	2.0151	1000
22        	46        	1         	a    	-72.7604179256	2.5151e-32    	10  	10  	10  	10  	5.3906	41.401	5.3906	41.401
22        	60        	1         	a    	-73.6283264900	1.0559e-32    	10  	10  	10  	10  	4.3749	46.681	4.3749	46.681
8         	23        	1         	a    	-100.4909894392	2.2768e-44    	20  	20  	20  	20  	0   	4.4299	0   	4.4299
13        	23        	1         	a    	-51.0415443492	6.8067e-23    	9   	9   	9   	9   	0   	14.967	0   	14.967
15        	23        	1         	a    	-53.4699399601	6.0021e-24    	10  	10  	10  	10  	0   	21.715	0   	21.715
22        	23        	1         	a    	-48.8293823330	6.2183e-22    	10  	10  	10  	10  	0   	6.1103	0   	6.1103
23        	24        	1         	a    	-13.2063335447	1.8389e-06    	1   	1   	1   	1   	0   	1000	0   	1000
23        	43        	1         	a    	-33.2208371950	3.7357e-15    	1   	1   	1   	1   	4.0001	1000	4.0001	1000
23        	44        	1         	a    	-50.6076137450	1.0505e-22    	1   	1   	1   	1   	11  	1000	11  	1000
23        	45        	1         	a    	-13.2063335447	1.8389e-06    	1   	1   	1   	1   	0   	1000	0   	1000
23        	47        	1         	a    	-13.2063335447	1.8389e-06    	1   	1   	1   	1   	0   	1000	0   	1000
8         	24        	1         	a    	-100.4909894392	2.2768e-44    	20  	20  	20  	20  	0   	4.4299	0   	4.4299
13        	24        	1         	a    	-51.0415443492	6.8067e-23    	9   	9   	9   	9   	0   	14.967	0   	14.967
15        	24        	1         	a    	-53.4699399601	6.0021e-24    	10  	10  	10  	10  	0   	21.715	0   	21.715
22        	24        	1         	a    	-48.8293823330	6.2183e-22    	10  	10  	10  	10  	0   	6.1103	0   	6.1103
24        	43        	1         	a    	-33.2208371950	3.7357e-15    	1   	1   	1   	1   	4.0001	1000	4.0001	1000
24        	44        	1         	a    	-50.6076137450	1.0505e-22    	1   	1   	1   	1   	11  	1000	11  	1000
24        	45        	1         	a    	-13.2063335447	1.8389e-06    	1   	1   	1   	1   	0   	1000	0   	1000
24        	47        	1         	a    	-13.2063335447	1.8389e-06    	1   	1   	1   	1   	0   	1000	0   	1000
26        	27        	1         	a    	-5.5276600264 	0.0039753     	1   	1   	1   	1   	0   	1000	0   	1000
26        	28        	1         	a    	-5.5276600264 	0.0039753     	1   	1   	1   	1   	0   	1000	0   	1000
27        	28        	1         	a    	-5.5276600264 	0.0039753     	1   	1   	1   	1   	0   	1000	0   	1000
4         	43        	1         	a    	-30.2926894475	6.9832e-14    	1   	1   	1   	1   	4.0036	1000	4.0036	1000
21        	43        	1         	a    	-30.2926894475	6.9832e-14    	1   	1   	1   	1   	4.0036	1000	4.0036	1000
22        	43        	1         	a    	-67.7950611551	3.6056e-30    	10  	10  	10  	10  	3.4762	14.601	3.4762	14.601
43        	44        	1         	a    	-71.8984991117	5.955e-32     	5   	5   	5   	5   	10.44	47.43	10.44	47.43
43        	45        	1         	a    	-35.9181722145	2.5173e-16    	5   	5   	5   	5   	0   	14.538	0   	14.538
43        	47        	1         	a    	-35.9181722145	2.5173e-16    	5   	5   	5   	5   	0   	14.538	0   	14.538
44        	46        	1         	a    	-77.5953778305	1.9987e-34    	12  	12  	12  	12  	5.47	34.917	5.47	34.917
44        	60        	1         	a    	-78.5467071636	7.7197e-35    	12  	12  	12  	12  	4.4396	40.399	4.4396	40.399
8         	45        	1         	a    	-100.4909894392	2.2768e-44    	20  	20  	20  	20  	0   	4.4299	0   	4.4299
13        	45        	1         	a    	-51.0415443492	6.8067e-23    	9   	9   	9   	9   	0   	14.967	0   	14.967
15        	45        	1         	a    	-53.4699399601	6.0021e-24    	10  	10  	10  	10  	0   	21.715	0   	21.715
22        	45        	1         	a    	-48.8293823330	6.2183e-22    	10  	10  	10  	10  	0   	6.1103	0   	6.1103
44        	45        	1         	a    	-53.3108721341	7.0369e-24    	12  	12  	12  	12  	0   	5.644	0   	5.644
45        	47        	1         	a    	-13.2063335447	1.8389e-06    	1   	1   	1   	1   	0   	1000	0   	1000
46        	114       	1         	a    	-162.7160990840	2.1542e-71    	8   	8   	8   	8   	42.253	0   	42.253	0   
8         	47        	1         	a    	-100.4909894392	2.2768e-44    	20  	20  	20  	20  	0   	4.4299	0   	4.4299
13        	47        	1         	a    	-51.0415443492	6.8067e-23    	9   	9   	9   	9   	0   	14.967	0   	14.967
15        	47        	1         	a    	-53.4699399601	6.0021e-24    	10  	10  	10  	10  	0   	21.715	0   	21.715
22        	47        	1         	a    	-48.8293823330	6.2183e-22    	10  	10  	10  	10  	0   	6.1103	0   	6.1103
44        	47        	1         	a    	-53.3108721341	7.0369e-24    	12  	12  	12  	12  	0   	5.644	0   	5.644
48        	49        	1         	a    	-88.8821081763	2.5061e-39    	18  	18  	18  	18  	1e-07	1000	1e-07	1000
48        	50        	1         	a    	-88.8821081763	2.5061e-39    	18  	18  	18  	18  	1e-07	1000	1e-07	1000
48        	119       	1         	a    	-86.1116496988	4.0012e-38    	18  	18  	18  	18  	0   	2.222	0   	2.222
48        	120       	1         	a    	-86.1116496988	4.0012e-38    	18  	18  	18  	18  	0   	2.222	0   	2.222
48        	121       	1         	a    	-86.1116496988	4.0012e-38    	18  	18  	18  	18  	0   	2.222	0   	2.222
48        	122       	1         	a    	-86.1116496988	4.0012e-38    	18  	18  	18  	18  	0   	2.222	0   	2.222
48        	123       	1         	a    	-86.1116496988	4.0012e-38    	18  	18  	18  	18  	0   	2.222	0   	2.222
48        	124       	1         	a    	-86.1116496988	4.0012e-38    	18  	18  	18  	18  	0   	2.222	0   	2.222
48        	125       	1         	a    	-86.1116496988	4.0012e-38    	18  	18  	18  	18  	0   	2.222	0   	2.222
48        	126       	1         	a    	-86.1116496988	4.0012e-38    	18  	18  	18  	18  	0   	2.222	0   	2.222
48        	127       	1         	a    	-86.1116496988	4.0012e-38    	18  	18  	18  	18  	0   	2.222	0   	2.222
49        	50        	1         	a    	-83.1454522734	7.7694e-37    	17  	17  	17  	17  	1e-07	1000	1e-07	1000
49        	119       	1         	a    	-80.4751442214	1.1222e-35    	17  	17  	17  	17  	0   	2.222	0   	2.222
49        	120       	1         	a    	-80.4751442214	1.1222e-35    	17  	17  	17  	17  	0   	2.222	0   	2.222
49        	121       	1         	a    	-80.4751442214	1.1222e-35    	17  	17  	17  	17  	0   	2.222	0   	2.222
49        	122       	1         	a    	-80.4751442214	1.1222e-35    	17  	17  	17  	17  	0   	2.222	0   	2.222
49        	123       	1         	a    	-80.4751442214	1.1222e-35    	17  	17  	17  	17  	0   	2.222	0   	2.222
49        	124       	1         	a    	-80.4751442214	1.1222e-35    	17  	17  	17  	17  	0   	2.222	0   	2.222
49        	125       	1         	a    	-80.4751442214	1.1222e-35    	17  	17  	17  	17  	0   	2.222	0   	2.222
49        	126       	1         	a    	-80.4751442214	1.1222e-35    	17  	17  	17  	17  	0   	2.222	0   	2.222
49        	127       	1         	a    	-80.4751442214	1.1222e-35    	17  	17  	17  	17  	0   	2.222	0   	2.222
50        	119       	1         	a    	-80.4751442214	1.1222e-35    	17  	17  	17  	17  	0   	2.222	0   	2.222
50        	120       	1         	a    	-80.4751442214	1.1222e-35    	17  	17  	17  	17  	0   	2.222	0   	2.222
50        	121       	1         	a    	-80.4751442214	1.1222e-35    	17  	17  	17  	17  	0   	2.222	0   	2.222
50        	122       	1         	a    	-80.4751442214	1.1222e-35    	17  	17  	17  	17  	0   	2.222	0   	2.222
50        	123       	1         	a    	-80.4751442214	1.1222e-35    	17  	17  	17  	17  	0   	2.222	0   	2.222
50        	124       	1         	a    	-80.4751442214	1.1222e-35    	17  	17  	17  	17  	0   	2.222	0   	2.222
50        	125       	1         	a    	-80.4751442214	1.1222e-35    	17  	17  	17  	17  	0   	2.222	0   	2.222
50        	126       	1         	a    	-80.4751442214	1.1222e-35    	17  	17  	17  	17  	0   	2.222	0   	2.222
50        	127       	1         	a    	-80.4751442214	1.1222e-35    	17  	17  	17  	17  	0   	2.222	0   	2.222
57        	58        	1         	a    	-5.9002396364 	0.0027388     	1   	1   	1   	1   	0   	1000	0   	1000
59        	85        	1         	a    	-130.4710224291	2.1735e-57    	17  	17  	17  	17  	7.4727	18.378	7.4727	18.378
59        	88        	1         	a    	-130.4710224291	2.1735e-57    	17  	17  	17  	17  	7.4727	18.378	7.4727	18.378
59        	112       	1         	a    	-176.1338968194	3.2064e-77    	17  	17  	17  	17  	15.441	67.318	15.441	67.318
59        	113       	1         	a    	-185.5849887035	2.5204e-81    	17  	17  	17  	17  	18.781	84.45	18.781	84.45
59        	115       	1         	a    	-185.5849887035	2.5204e-81    	17  	17  	17  	17  	18.781	84.45	18.781	84.45
59        	116       	1         	a    	-185.5849887035	2.5204e-81    	17  	17  	17  	17  	18.781	84.45	18.781	84.45
59        	117       	1         	a    	-185.5849887035	2.5204e-81    	17  	17  	17  	17  	18.781	84.45	18.781	84.45
59        	118       	1         	a    	-176.1338968194	3.2064e-77    	17  	17  	17  	17  	15.441	67.318	15.441	67.318
4         	60        	1         	a    	-39.4823150081	7.1293e-18    	1   	1   	1   	1   	7.0064	1000	7.0064	1000
21        	60        	1         	a    	-39.4823150081	7.1293e-18    	1   	1   	1   	1   	7.0064	1000	7.0064	1000
57        	60        	1         	a    	-39.5205957159	6.8616e-18    	1   	1   	1   	1   	7.0061	1000	7.0061	1000
58        	60        	1         	a    	-39.5205957159	6.8616e-18    	1   	1   	1   	1   	7.0061	1000	7.0061	1000
61        	62        	1         	a    	-4.9631917210 	0.0069906     	1   	1   	1   	1   	0   	1000	0   	1000
61        	78        	1         	a    	-12.1388649509	5.3476e-06    	1   	1   	1   	1   	1.0009	1000	1.0009	1000
62        	78        	1         	a    	-12.1388649509	5.3476e-06    	1   	1   	1   	1   	1.0009	1000	1.0009	1000
44        	63        	1         	a    	-94.8923185701	6.1488e-42    	12  	12  	12  	12  	14.085	0   	14.085	0   
63        	64        	1         	a    	-51.1561307673	6.0698e-23    	14  	14  	14  	14  	0   	1000	0   	1000
63        	65        	1         	a    	-51.1561307673	6.0698e-23    	14  	14  	14  	14  	0   	1000	0   	1000
63        	66        	1         	a    	-51.1561307673	6.0698e-23    	14  	14  	14  	14  	0   	1000	0   	1000
63        	67        	1         	a    	-51.1561307673	6.0698e-23    	14  	14  	14  	14  	0   	1000	0   	1000
63        	80        	1         	a    	-58.4433150028	4.1533e-26    	14  	14  	14  	14  	10.557	1.1046	10.557	1.1046
63        	81        	1         	a    	-58.4433150028	4.1533e-26    	14  	14  	14  	14  	10.557	1.1046	10.557	1.1046
63        	82        	1         	a    	-58.4433150028	4.1533e-26    	14  	14  	14  	14  	10.557	1.1046	10.557	1.1046
44        	64        	1         	a    	-94.8923185701	6.1488e-42    	12  	12  	12  	12  	14.085	0   	14.085	0   
64        	65        	1         	a    	-51.1561307673	6.0698e-23    	14  	14  	14  	14  	0   	1000	0   	1000
64        	66        	1         	a    	-51.1561307673	6.0698e-23    	14  	14  	14  	14  	0   	1000	0   	1000
64        	67        	1         	a    	-51.1561307673	6.0698e-23    	14  	14  	14  	14  	0   	1000	0   	1000
64        	80        	1         	a    	-58.4433150028	4.1533e-26    	14  	14  	14  	14  	10.557	1.1046	10.557	1.1046
64        	81        	1         	a    	-58.4433150028	4.1533e-26    	14  	14  	14  	14  	10.557	1.1046	10.557	1.1046
64        	82        	1         	a    	-58.4433150028	4.1533e-26    	14  	14  	14  	14  	10.557	1.1046	10.557	1.1046
44        	65        	1         	a    	-94.8923185701	6.1488e-42    	12  	12  	12  	12  	14.085	0   	14.085	0   
65        	66        	1         	a    	-51.1561307673	6.0698e-23    	14  	14  	14  	14  	0   	1000	0   	1000
65        	67        	1         	a    	-51.1561307673	6.0698e-23    	14  	14  	14  	14  	0   	1000	0   	1000
65        	80        	1         	a    	-58.4433150028	4.1533e-26    	14  	14  	14  	14  	10.557	1.1046	10.557	1.1046
65        	81        	1         	a    	-58.4433150028	4.1533e-26    	14  	14  	14  	14  	10.557	1.1046	10.557	1.1046
65        	82        	1         	a    	-58.4433150028	4.1533e-26    	14  	14  	14  	14  	10.557	1.1046	10.557	1.1046
44        	66        	1         	a    	-94.8923185701	6.1488e-42    	12  	12  	12  	12  	14.085	0   	14.085	0   
66        	67        	1         	a    	-51.1561307673	6.0698e-23    	14  	14  	14  	14  	0   	1000	0   	1000
66        	80        	1         	a    	-58.4433150028	4.1533e-26    	14  	14  	14  	14  	10.557	1.1046	10.557	1.1046
66        	81        	1         	a    	-58.4433150028	4.1533e-26    	14  	14  	14  	14  	10.557	1.1046	10.557	1.1046
66        	82        	1         	a    	-58.4433150028	4.1533e-26    	14  	14  	14  	14  	10.557	1.1046	10.557	1.1046
44        	67        	1         	a    	-94.8923185701	6.1488e-42    	12  	12  	12  	12  	14.085	0   	14.085	0   
67        	80        	1         	a    	-58.4433150028	4.1533e-26    	14  	14  	14  	14  	10.557	1.1046	10.557	1.1046
67        	81        	1         	a    	-58.4433150028	4.1533e-26    	14  	14  	14  	14  	10.557	1.1046	10.557	1.1046
67        	82        	1         	a    	-58.4433150028	4.1533e-26    	14  	14  	14  	14  	10.557	1.1046	10.557	1.1046
68        	69        	1         	a    	-11.7963729103	7.5318e-06    	2   	2   	2   	2   	0   	1000	0   	1000
68        	70        	1         	a    	-11.7963729103	7.5318e-06    	2   	2   	2   	2   	0   	1000	0   	1000
68        	71        	1         	a    	-11.7963729103	7.5318e-06    	2   	2   	2   	2   	0   	1000	0   	1000
68        	72        	1         	a    	-11.7963729103	7.5318e-06    	2   	2   	2   	2   	0   	1000	0   	1000
68        	73        	1         	a    	-11.7963729103	7.5318e-06    	2   	2   	2   	2   	0   	1000	0   	1000
68        	74        	1         	a    	-11.7963729103	7.5318e-06    	2   	2   	2   	2   	0   	1000	0   	1000
68        	75        	1         	a    	-11.7963729103	7.5318e-06    	2   	2   	2   	2   	0   	1000	0   	1000
68        	76        	1         	a    	-11.7963729103	7.5318e-06    	2   	2   	2   	2   	0   	1000	0   	1000
68        	77        	1         	a    	-11.7963729103	7.5318e-06    	2   	2   	2   	2   	0   	1000	0   	1000
68        	78        	1         	a    	-16.6248808407	6.0243e-08    	2   	2   	2   	2   	1.0005	1000	1.0005	1000
69        	70        	1         	a    	-11.7963729103	7.5318e-06    	2   	2   	2   	2   	0   	1000	0   	1000
69        	71        	1         	a    	-11.7963729103	7.5318e-06    	2   	2   	2   	2   	0   	1000	0   	1000
69        	72        	1         	a    	-11.7963729103	7.5318e-06    	2   	2   	2   	2   	0   	1000	0   	1000
69        	73        	1         	a    	-11.7963729103	7.5318e-06    	2   	2   	2   	2   	0   	1000	0   	1000
69        	74        	1         	a    	-11.7963729103	7.5318e-06    	2   	2   	2   	2   	0   	1000	0   	1000
69        	75        	1         	a    	-11.7963729103	7.5318e-06    	2   	2   	2   	2   	0   	1000	0   	1000
69        	76        	1         	a    	-11.7963729103	7.5318e-06    	2   	2   	2   	2   	0   	1000	0   	1000
69        	77        	1         	a    	-11.7963729103	7.5318e-06    	2   	2   	2   	2   	0   	1000	0   	1000
69        	78        	1         	a    	-16.6248808407	6.0243e-08    	2   	2   	2   	2   	1.0005	1000	1.0005	1000
70        	71        	1         	a    	-11.7963729103	7.5318e-06    	2   	2   	2   	2   	0   	1000	0   	1000
70        	72        	1         	a    	-11.7963729103	7.5318e-06    	2   	2   	2   	2   	0   	1000	0   	1000
70        	73        	1         	a    	-11.7963729103	7.5318e-06    	2   	2   	2   	2   	0   	1000	0   	1000
70        	74        	1         	a    	-11.7963729103	7.5318e-06    	2   	2   	2   	2   	0   	1000	0   	1000
70        	75        	1         	a    	-11.7963729103	7.5318e-06    	2   	2   	2   	2   	0   	1000	0   	1000
70        	76        	1         	a    	-11.7963729103	7.5318e-06    	2   	2   	2   	2   	0   	1000	0   	1000
70        	77        	1         	a    	-11.7963729103	7.5318e-06    	2   	2   	2   	2   	0   	1000	0   	1000
70        	78        	1         	a    	-16.6248808407	6.0243e-08    	2   	2   	2   	2   	1.0005	1000	1.0005	1000
71        	72        	1         	a    	-11.7963729103	7.5318e-06    	2   	2   	2   	2   	0   	1000	0   	1000
71        	73        	1         	a    	-11.7963729103	7.5318e-06    	2   	2   	2   	2   	0   	1000	0   	1000
71        	74        	1         	a    	-11.7963729103	7.5318e-06    	2   	2   	2   	2   	0   	1000	0   	1000
71        	75        	1         	a    	-11.7963729103	7.5318e-06    	2   	2   	2   	2   	0   	1000	0   	1000
71        	76        	1         	a    	-11.7963729103	7.5318e-06    	2   	2   	2   	2   	0   	1000	0   	1000
71        	77        	1         	a    	-11.7963729103	7.5318e-06    	2   	2   	2   	2   	0   	1000	0   	1000
71        	78        	1         	a    	-16.6248808407	6.0243e-08    	2   	2   	2   	2   	1.0005	1000	1.0005	1000
72        	73        	1         	a    	-11.7963729103	7.5318e-06    	2   	2   	2   	2   	0   	1000	0   	1000
72        	74        	1         	a    	-11.7963729103	7.5318e-06    	2   	2   	2   	2   	0   	1000	0   	1000
72        	75        	1         	a    	-11.7963729103	7.5318e-06    	2   	2   	2   	2   	0   	1000	0   	1000
72        	76        	1         	a    	-11.7963729103	7.5318e-06    	2   	2   	2   	2   	0   	1000	0   	1000
72        	77        	1         	a    	-11.7963729103	7.5318e-06    	2   	2   	2   	2   	0   	1000	0   	1000
72        	78        	1         	a    	-16.6248808407	6.0243e-08    	2   	2   	2   	2   	1.0005	1000	1.0005	1000
73        	74        	1         	a    	-11.7963729103	7.5318e-06    	2   	2   	2   	2   	0   	1000	0   	1000
73        	75        	1         	a    	-11.7963729103	7.5318e-06    	2   	2   	2   	2   	0   	1000	0   	1000
73        	76        	1         	a    	-11.7963729103	7.5318e-06    	2   	2   	2   	2   	0   	1000	0   	1000
73        	77        	1         	a    	-11.7963729103	7.5318e-06    	2   	2   	2   	2   	0   	1000	0   	1000
73        	78        	1         	a    	-16.6248808407	6.0243e-08    	2   	2   	2   	2   	1.0005	1000	1.0005	1000
74        	75        	1         	a    	-11.7963729103	7.5318e-06    	2   	2   	2   	2   	0   	1000	0   	1000
74        	76        	1         	a    	-11.7963729103	7.5318e-06    	2   	2   	2   	2   	0   	1000	0   	1000
74        	77        	1         	a    	-11.7963729103	7.5318e-06    	2   	2   	2   	2   	0   	1000	0   	1000
74        	78        	1         	a    	-16.6248808407	6.0243e-08    	2   	2   	2   	2   	1.0005	1000	1.0005	1000
75        	76        	1         	a    	-11.7963729103	7.5318e-06    	2   	2   	2   	2   	0   	1000	0   	1000
75        	77        	1         	a    	-11.7963729103	7.5318e-06    	2   	2   	2   	2   	0   	1000	0   	1000
75        	78        	1         	a    	-16.6248808407	6.0243e-08    	2   	2   	2   	2   	1.0005	1000	1.0005	1000
76        	77        	1         	a    	-11.7963729103	7.5318e-06    	2   	2   	2   	2   	0   	1000	0   	1000
76        	78        	1         	a    	-16.6248808407	6.0243e-08    	2   	2   	2   	2   	1.0005	1000	1.0005	1000
77        	78        	1         	a    	-16.6248808407	6.0243e-08    	2   	2   	2   	2   	1.0005	1000	1.0005	1000
79        	80        	1         	a    	-11.5822701258	9.3301e-06    	1   	1   	1   	1   	1.0009	1000	1.0009	1000
79        	81        	1         	a    	-11.5822701258	9.3301e-06    	1   	1   	1   	1   	1.0009	1000	1.0009	1000
79        	82        	1         	a    	-11.5822701258	9.3301e-06    	1   	1   	1   	1   	1.0009	1000	1.0009	1000
79        	83        	1         	a    	-5.8596533857 	0.0028522     	1   	1   	1   	1   	0   	1000	0   	1000
79        	84        	1         	a    	-5.8596533857 	0.0028522     	1   	1   	1   	1   	0   	1000	0   	1000
80        	81        	1         	a    	-10.3162448085	3.3091e-05    	2   	2   	2   	2   	0   	1000	0   	1000
80        	82        	1         	a    	-10.3162448085	3.3091e-05    	2   	2   	2   	2   	0   	1000	0   	1000
80        	83        	1         	a    	-11.4706914014	1.0431e-05    	2   	2   	2   	2   	0   	180.51	0   	180.51
80        	84        	1         	a    	-11.4706914014	1.0431e-05    	2   	2   	2   	2   	0   	180.51	0   	180.51
80        	103       	1         	a    	-11.5181558384	9.9478e-06    	2   	2   	2   	2   	0   	165.42	0   	165.42
81        	82        	1         	a    	-10.3162448085	3.3091e-05    	2   	2   	2   	2   	0   	1000	0   	1000
81        	83        	1         	a    	-11.4706914014	1.0431e-05    	2   	2   	2   	2   	0   	180.51	0   	180.51
81        	84        	1         	a    	-11.4706914014	1.0431e-05    	2   	2   	2   	2   	0   	180.51	0   	180.51
81        	103       	1         	a    	-11.5181558384	9.9478e-06    	2   	2   	2   	2   	0   	165.42	0   	165.42
82        	83        	1         	a    	-11.4706914014	1.0431e-05    	2   	2   	2   	2   	0   	180.51	0   	180.51
82        	84        	1         	a    	-11.4706914014	1.0431e-05    	2   	2   	2   	2   	0   	180.51	0   	180.51
82        	103       	1         	a    	-11.5181558384	9.9478e-06    	2   	2   	2   	2   	0   	165.42	0   	165.42
83        	84        	1         	a    	-5.8596533857 	0.0028522     	1   	1   	1   	1   	0   	1000	0   	1000
85        	86        	1         	a    	-77.8624125145	1.5303e-34    	14  	14  	14  	14  	0   	13.967	0   	13.967
85        	87        	1         	a    	-77.8624125145	1.5303e-34    	14  	14  	14  	14  	0   	13.967	0   	13.967
85        	88        	1         	a    	-64.4796523207	9.9276e-29    	14  	14  	14  	14  	0   	1000	0   	1000
26        	86        	1         	a    	-25.9750416893	5.2382e-12    	1   	1   	1   	1   	4.0036	1000	4.0036	1000
27        	86        	1         	a    	-25.9750416893	5.2382e-12    	1   	1   	1   	1   	4.0036	1000	4.0036	1000
28        	86        	1         	a    	-25.9750416893	5.2382e-12    	1   	1   	1   	1   	4.0036	1000	4.0036	1000
86        	87        	1         	a    	-24.9465598456	1.465e-11     	5   	5   	5   	5   	0   	1000	0   	1000
86        	88        	1         	a    	-73.6066049552	1.0791e-32    	5   	5   	5   	5   	11.024	1000	11.024	1000
26        	87        	1         	a    	-25.9750416893	5.2382e-12    	1   	1   	1   	1   	4.0036	1000	4.0036	1000
27        	87        	1         	a    	-25.9750416893	5.2382e-12    	1   	1   	1   	1   	4.0036	1000	4.0036	1000
28        	87        	1         	a    	-25.9750416893	5.2382e-12    	1   	1   	1   	1   	4.0036	1000	4.0036	1000
87        	88        	1         	a    	-73.6066049552	1.0791e-32    	5   	5   	5   	5   	11.024	1000	11.024	1000
51        	89        	1         	a    	-57.8219219959	7.7314e-26    	12  	12  	12  	12  	1.2141	17.01	1.2141	17.01
80        	89        	1         	a    	-27.4944829013	1.1463e-12    	2   	2   	2   	2   	3.0184	164.41	3.0184	164.41
81        	89        	1         	a    	-27.4944829013	1.1463e-12    	2   	2   	2   	2   	3.0184	164.41	3.0184	164.41
82        	89        	1         	a    	-27.4944829013	1.1463e-12    	2   	2   	2   	2   	3.0184	164.41	3.0184	164.41
89        	90        	1         	a    	-20.4685952361	1.29e-09      	4   	4   	4   	4   	0   	1000	0   	1000
89        	91        	1         	a    	-20.4685952361	1.29e-09      	4   	4   	4   	4   	0   	1000	0   	1000
89        	92        	1         	a    	-20.4685952361	1.29e-09      	4   	4   	4   	4   	0   	1000	0   	1000
89        	103       	1         	a    	-23.1545352488	8.7925e-11    	4   	4   	4   	4   	0   	15.367	0   	15.367
51        	90        	1         	a    	-57.8219219959	7.7314e-26    	12  	12  	12  	12  	1.2141	17.01	1.2141	17.01
80        	90        	1         	a    	-27.4944829013	1.1463e-12    	2   	2   	2   	2   	3.0184	164.41	3.0184	164.41
81        	90        	1         	a    	-27.4944829013	1.1463e-12    	2   	2   	2   	2   	3.0184	164.41	3.0184	164.41
82        	90        	1         	a    	-27.4944829013	1.1463e-12    	2   	2   	2   	2   	3.0184	164.41	3.0184	164.41
90        	91        	1         	a    	-20.4685952361	1.29e-09      	4   	4   	4   	4   	0   	1000	0   	1000
90        	92        	1         	a    	-20.4685952361	1.29e-09      	4   	4   	4   	4   	0   	1000	0   	1000
90        	103       	1         	a    	-23.1545352488	8.7925e-11    	4   	4   	4   	4   	0   	15.367	0   	15.367
51        	91        	1         	a    	-57.8219219959	7.7314e-26    	12  	12  	12  	12  	1.2141	17.01	1.2141	17.01
80        	91        	1         	a    	-27.4944829013	1.1463e-12    	2   	2   	2   	2   	3.0184	164.41	3.0184	164.41
81        	91        	1         	a    	-27.4944829013	1.1463e-12    	2   	2   	2   	2   	3.0184	164.41	3.0184	164.41
82        	91        	1         	a    	-27.4944829013	1.1463e-12    	2   	2   	2   	2   	3.0184	164.41	3.0184	164.41
91        	92        	1         	a    	-20.4685952361	1.29e-09      	4   	4   	4   	4   	0   	1000	0   	1000
91        	103       	1         	a    	-23.1545352488	8.7925e-11    	4   	4   	4   	4   	0   	15.367	0   	15.367
51        	92        	1         	a    	-57.8219219959	7.7314e-26    	12  	12  	12  	12  	1.2141	17.01	1.2141	17.01
80        	92        	1         	a    	-27.4944829013	1.1463e-12    	2   	2   	2   	2   	3.0184	164.41	3.0184	164.41
81        	92        	1         	a    	-27.4944829013	1.1463e-12    	2   	2   	2   	2   	3.0184	164.41	3.0184	164.41
82        	92        	1         	a    	-27.4944829013	1.1463e-12    	2   	2   	2   	2   	3.0184	164.41	3.0184	164.41
92        	103       	1         	a    	-23.1545352488	8.7925e-11    	4   	4   	4   	4   	0   	15.367	0   	15.367
93        	94        	1         	a    	-28.6927716856	3.4585e-13    	4   	4   	4   	4   	0   	1000	0   	1000
93        	97        	1         	a    	-42.7795317526	2.6368e-19    	4   	4   	4   	4   	3.0046	1000	3.0046	1000
93        	98        	1         	a    	-28.6927716856	3.4585e-13    	4   	4   	4   	4   	0   	1000	0   	1000
94        	97        	1         	a    	-42.7795317526	2.6368e-19    	4   	4   	4   	4   	3.0046	1000	3.0046	1000
94        	98        	1         	a    	-28.6927716856	3.4585e-13    	4   	4   	4   	4   	0   	1000	0   	1000
95        	100       	1         	a    	-19.0444064408	5.3594e-09    	4   	4   	4   	4   	0   	1000	0   	1000
95        	101       	1         	a    	-19.0444064408	5.3594e-09    	4   	4   	4   	4   	0   	1000	0   	1000
96        	99        	1         	a    	-39.1342051075	1.0098e-17    	9   	9   	9   	9   	0   	1000	0   	1000
96        	102       	1         	a    	-39.1342051075	1.0098e-17    	9   	9   	9   	9   	0   	1000	0   	1000
15        	97        	1         	a    	-79.0519947978	4.6575e-35    	10  	10  	10  	10  	5.21	49.626	5.21	49.626
97        	98        	1         	a    	-46.5253775610	6.2271e-21    	7   	7   	7   	7   	0   	231.1	0   	231.1
99        	102       	1         	a    	-39.1342051075	1.0098e-17    	9   	9   	9   	9   	0   	1000	0   	1000
100       	101       	1         	a    	-19.0444064408	5.3594e-09    	4   	4   	4   	4   	0   	1000	0   	1000
26        	104       	1         	a    	-47.4144337314	2.5596e-21    	1   	1   	1   	1   	8.0073	1000	8.0073	1000
27        	104       	1         	a    	-47.4144337314	2.5596e-21    	1   	1   	1   	1   	8.0073	1000	8.0073	1000
28        	104       	1         	a    	-47.4144337314	2.5596e-21    	1   	1   	1   	1   	8.0073	1000	8.0073	1000
89        	105       	1         	a    	-81.5005272192	4.025e-36     	4   	4   	4   	4   	14.586	49.76	14.586	49.76
90        	105       	1         	a    	-81.5005272192	4.025e-36     	4   	4   	4   	4   	14.586	49.76	14.586	49.76
91        	105       	1         	a    	-81.5005272192	4.025e-36     	4   	4   	4   	4   	14.586	49.76	14.586	49.76
92        	105       	1         	a    	-81.5005272192	4.025e-36     	4   	4   	4   	4   	14.586	49.76	14.586	49.76
95        	105       	1         	a    	-80.4504390212	1.1503e-35    	4   	4   	4   	4   	16.895	0   	16.895	0   
96        	105       	1         	a    	-100.1619370851	3.1639e-44    	9   	9   	9   	9   	12.425	17.138	12.425	17.138
99        	105       	1         	a    	-100.1619370851	3.1639e-44    	9   	9   	9   	9   	12.425	17.138	12.425	17.138
100       	105       	1         	a    	-80.4504390212	1.1503e-35    	4   	4   	4   	4   	16.895	0   	16.895	0   
101       	105       	1         	a    	-80.4504390212	1.1503e-35    	4   	4   	4   	4   	16.895	0   	16.895	0   
102       	105       	1         	a    	-100.1619370851	3.1639e-44    	9   	9   	9   	9   	12.425	17.138	12.425	17.138
105       	106       	1         	a    	-68.6251119379	1.5721e-30    	16  	16  	16  	16  	0   	1000	0   	1000
105       	107       	1         	a    	-73.9289755630	7.8172e-33    	16  	16  	16  	16  	0   	1000	0   	1000
105       	108       	1         	a    	-68.6251119379	1.5721e-30    	16  	16  	16  	16  	0   	1000	0   	1000
105       	109       	1         	a    	-73.9289755630	7.8172e-33    	16  	16  	16  	16  	0   	1000	0   	1000
105       	110       	1         	a    	-68.6251119379	1.5721e-30    	16  	16  	16  	16  	0   	1000	0   	1000
105       	111       	1         	a    	-68.6251119379	1.5721e-30    	16  	16  	16  	16  	0   	1000	0   	1000
89        	106       	1         	a    	-81.5005272192	4.025e-36     	4   	4   	4   	4   	14.586	49.76	14.586	49.76
90        	106       	1         	a    	-81.5005272192	4.025e-36     	4   	4   	4   	4   	14.586	49.76	14.586	49.76
91        	106       	1         	a    	-81.5005272192	4.025e-36     	4   	4   	4   	4   	14.586	49.76	14.586	49.76
92        	106       	1         	a    	-81.5005272192	4.025e-36     	4   	4   	4   	4   	14.586	49.76	14.586	49.76
95        	106       	1         	a    	-80.4504390212	1.1503e-35    	4   	4   	4   	4   	16.895	0   	16.895	0   
96        	106       	1         	a    	-100.1619370851	3.1639e-44    	9   	9   	9   	9   	12.425	17.138	12.425	17.138
99        	106       	1         	a    	-100.1619370851	3.1639e-44    	9   	9   	9   	9   	12.425	17.138	12.425	17.138
100       	106       	1         	a    	-80.4504390212	1.1503e-35    	4   	4   	4   	4   	16.895	0   	16.895	0   
101       	106       	1         	a    	-80.4504390212	1.1503e-35    	4   	4   	4   	4   	16.895	0   	16.895	0   
102       	106       	1         	a    	-100.1619370851	3.1639e-44    	9   	9   	9   	9   	12.425	17.138	12.425	17.138
106       	107       	1         	a    	-73.9289755630	7.8172e-33    	16  	16  	16  	16  	0   	1000	0   	1000
106       	108       	1         	a    	-68.6251119379	1.5721e-30    	16  	16  	16  	16  	0   	1000	0   	1000
106       	109       	1         	a    	-73.9289755630	7.8172e-33    	16  	16  	16  	16  	0   	1000	0   	1000
106       	110       	1         	a    	-68.6251119379	1.5721e-30    	16  	16  	16  	16  	0   	1000	0   	1000
106       	111       	1         	a    	-68.6251119379	1.5721e-30    	16  	16  	16  	16  	0   	1000	0   	1000
89        	107       	1         	a    	-78.8701378065	5.5864e-35    	4   	4   	4   	4   	13.544	49.775	13.544	49.775
90        	107       	1         	a    	-78.8701378065	5.5864e-35    	4   	4   	4   	4   	13.544	49.775	13.544	49.775
91        	107       	1         	a    	-78.8701378065	5.5864e-35    	4   	4   	4   	4   	13.544	49.775	13.544	49.775
92        	107       	1         	a    	-78.8701378065	5.5864e-35    	4   	4   	4   	4   	13.544	49.775	13.544	49.775
95        	107       	1         	a    	-77.9716583686	1.372e-34     	4   	4   	4   	4   	15.839	0   	15.839	0   
96        	107       	1         	a    	-97.7101675079	3.6729e-43    	9   	9   	9   	9   	12.77	15.685	12.77	15.685
99        	107       	1         	a    	-97.7101675079	3.6729e-43    	9   	9   	9   	9   	12.77	15.685	12.77	15.685
100       	107       	1         	a    	-77.9716583686	1.372e-34     	4   	4   	4   	4   	15.839	0   	15.839	0   
101       	107       	1         	a    	-77.9716583686	1.372e-34     	4   	4   	4   	4   	15.839	0   	15.839	0   
102       	107       	1         	a    	-97.7101675079	3.6729e-43    	9   	9   	9   	9   	12.77	15.685	12.77	15.685
107       	108       	1         	a    	-72.1403624901	4.6756e-32    	15  	15  	15  	15  	1.0098	1000	1.0098	1000
107       	109       	1         	a    	-65.8762314767	2.4565e-29    	15  	15  	15  	15  	0   	1000	0   	1000
107       	110       	1         	a    	-72.1403624901	4.6756e-32    	15  	15  	15  	15  	1.0098	1000	1.0098	1000
107       	111       	1         	a    	-72.1403624901	4.6756e-32    	15  	15  	15  	15  	1.0098	1000	1.0098	1000
89        	108       	1         	a    	-81.5005272192	4.025e-36     	4   	4   	4   	4   	14.586	49.76	14.586	49.76
90        	108       	1         	a    	-81.5005272192	4.025e-36     	4   	4   	4   	4   	14.586	49.76	14.586	49.76
91        	108       	1         	a    	-81.5005272192	4.025e-36     	4   	4   	4   	4   	14.586	49.76	14.586	49.76
92        	108       	1         	a    	-81.5005272192	4.025e-36     	4   	4   	4   	4   	14.586	49.76	14.586	49.76
95        	108       	1         	a    	-80.4504390212	1.1503e-35    	4   	4   	4   	4   	16.895	0   	16.895	0   
96        	108       	1         	a    	-100.1619370851	3.1639e-44    	9   	9   	9   	9   	12.425	17.138	12.425	17.138
99        	108       	1         	a    	-100.1619370851	3.1639e-44    	9   	9   	9   	9   	12.425	17.138	12.425	17.138
100       	108       	1         	a    	-80.4504390212	1.1503e-35    	4   	4   	4   	4   	16.895	0   	16.895	0   
101       	108       	1         	a    	-80.4504390212	1.1503e-35    	4   	4   	4   	4   	16.895	0   	16.895	0   
102       	108       	1         	a    	-100.1619370851	3.1639e-44    	9   	9   	9   	9   	12.425	17.138	12.425	17.138
108       	109       	1         	a    	-73.9289755630	7.8172e-33    	16  	16  	16  	16  	0   	1000	0   	1000
108       	110       	1         	a    	-68.6251119379	1.5721e-30    	16  	16  	16  	16  	0   	1000	0   	1000
108       	111       	1         	a    	-68.6251119379	1.5721e-30    	16  	16  	16  	16  	0   	1000	0   	1000
89        	109       	1         	a    	-78.8701378065	5.5864e-35    	4   	4   	4   	4   	13.544	49.775	13.544	49.775
90        	109       	1         	a    	-78.8701378065	5.5864e-35    	4   	4   	4   	4   	13.544	49.775	13.544	49.775
91        	109       	1         	a    	-78.8701378065	5.5864e-35    	4   	4   	4   	4   	13.544	49.775	13.544	49.775
92        	109       	1         	a    	-78.8701378065	5.5864e-35    	4   	4   	4   	4   	13.544	49.775	13.544	49.775
95        	109       	1         	a    	-77.9716583686	1.372e-34     	4   	4   	4   	4   	15.839	0   	15.839	0   
96        	109       	1         	a    	-97.7101675079	3.6729e-43    	9   	9   	9   	9   	12.77	15.685	12.77	15.685
99        	109       	1         	a    	-97.7101675079	3.6729e-43    	9   	9   	9   	9   	12.77	15.685	12.77	15.685
100       	109       	1         	a    	-77.9716583686	1.372e-34     	4   	4   	4   	4   	15.839	0   	15.839	0   
101       	109       	1         	a    	-77.9716583686	1.372e-34     	4   	4   	4   	4   	15.839	0   	15.839	0   
102       	109       	1         	a    	-97.7101675079	3.6729e-43    	9   	9   	9   	9   	12.77	15.685	12.77	15.685
109       	110       	1         	a    	-72.1403624901	4.6756e-32    	15  	15  	15  	15  	1.0098	1000	1.0098	1000
109       	111       	1         	a    	-72.1403624901	4.6756e-32    	15  	15  	15  	15  	1.0098	1000	1.0098	1000
89        	110       	1         	a    	-81.5005272192	4.025e-36     	4   	4   	4   	4   	14.586	49.76	14.586	49.76
90        	110       	1         	a    	-81.5005272192	4.025e-36     	4   	4   	4   	4   	14.586	49.76	14.586	49.76
91        	110       	1         	a    	-81.5005272192	4.025e-36     	4   	4   	4   	4   	14.586	49.76	14.586	49.76
92        	110       	1         	a    	-81.5005272192	4.025e-36     	4   	4   	4   	4   	14.586	49.76	14.586	49.76
95        	110       	1         	a    	-80.4504390212	1.1503e-35    	4   	4   	4   	4   	16.895	0   	16.895	0   
96        	110       	1         	a    	-100.1619370851	3.1639e-44    	9   	9   	9   	9   	12.425	17.138	12.425	17.138
99        	110       	1         	a    	-100.1619370851	3.1639e-44    	9   	9   	9   	9   	12.425	17.138	12.425	17.138
100       	110       	1         	a    	-80.4504390212	1.1503e-35    	4   	4   	4   	4   	16.895	0   	16.895	0   
101       	110       	1         	a    	-80.4504390212	1.1503e-35    	4   	4   	4   	4   	16.895	0   	16.895	0   
102       	110       	1         	a    	-100.1619370851	3.1639e-44    	9   	9   	9   	9   	12.425	17.138	12.425	17.138
110       	111       	1         	a    	-68.6251119379	1.5721e-30    	16  	16  	16  	16  	0   	1000	0   	1000
89        	111       	1         	a    	-81.5005272192	4.025e-36     	4   	4   	4   	4   	14.586	49.76	14.586	49.76
90        	111       	1         	a    	-81.5005272192	4.025e-36     	4   	4   	4   	4   	14.586	49.76	14.586	49.76
91        	111       	1         	a    	-81.5005272192	4.025e-36     	4   	4   	4   	4   	14.586	49.76	14.586	49.76
92        	111       	1         	a    	-81.5005272192	4.025e-36     	4   	4   	4   	4   	14.586	49.76	14.586	49.76
95        	111       	1         	a    	-80.4504390212	1.1503e-35    	4   	4   	4   	4   	16.895	0   	16.895	0   
96        	111       	1         	a    	-100.1619370851	3.1639e-44    	9   	9   	9   	9   	12.425	17.138	12.425	17.138
99        	111       	1         	a    	-100.1619370851	3.1639e-44    	9   	9   	9   	9   	12.425	17.138	12.425	17.138
100       	111       	1         	a    	-80.4504390212	1.1503e-35    	4   	4   	4   	4   	16.895	0   	16.895	0   
101       	111       	1         	a    	-80.4504390212	1.1503e-35    	4   	4   	4   	4   	16.895	0   	16.895	0   
102       	111       	1         	a    	-100.1619370851	3.1639e-44    	9   	9   	9   	9   	12.425	17.138	12.425	17.138
95        	112       	1         	a    	-128.0505817754	2.4453e-56    	4   	4   	4   	4   	27  	-   	27  	-   
100       	112       	1         	a    	-128.0505817754	2.4453e-56    	4   	4   	4   	4   	27  	-   	27  	-   
101       	112       	1         	a    	-128.0505817754	2.4453e-56    	4   	4   	4   	4   	27  	-   	27  	-   
112       	113       	1         	a    	-161.9056175809	4.8449e-71    	27  	27  	27  	27  	6.0819	1000	6.0819	1000
112       	114       	1         	a    	-198.2510770593	7.9552e-87    	27  	27  	27  	27  	23.229	1000	23.229	1000
112       	115       	1         	a    	-161.9056175809	4.8449e-71    	27  	27  	27  	27  	6.0819	1000	6.0819	1000
112       	116       	1         	a    	-161.9056175809	4.8449e-71    	27  	27  	27  	27  	6.0819	1000	6.0819	1000
112       	117       	1         	a    	-161.9056175809	4.8449e-71    	27  	27  	27  	27  	6.0819	1000	6.0819	1000
112       	118       	1         	a    	-133.8072214290	7.7315e-59    	27  	27  	27  	27  	1e-07	1000	1e-07	1000
95        	113       	1         	a    	-138.9542647261	4.4971e-61    	4   	4   	4   	4   	32  	-   	32  	-   
100       	113       	1         	a    	-138.9542647261	4.4971e-61    	4   	4   	4   	4   	32  	-   	32  	-   
101       	113       	1         	a    	-138.9542647261	4.4971e-61    	4   	4   	4   	4   	32  	-   	32  	-   
113       	114       	1         	a    	-197.8025115720	1.2458e-86    	32  	32  	32  	32  	17.243	1000	17.243	1000
113       	115       	1         	a    	-148.3509232985	3.7326e-65    	32  	32  	32  	32  	1e-07	1000	1e-07	1000
113       	116       	1         	a    	-148.3509232985	3.7326e-65    	32  	32  	32  	32  	1e-07	1000	1e-07	1000
113       	117       	1         	a    	-148.3509232985	3.7326e-65    	32  	32  	32  	32  	1e-07	1000	1e-07	1000
113       	118       	1         	a    	-167.6429213776	1.5617e-73    	32  	32  	32  	32  	1e-07	707.46	1e-07	707.46
44        	114       	1         	a    	-173.7133517497	3.6079e-76    	12  	12  	12  	12  	42.253	0   	42.253	0   
114       	115       	1         	a    	-217.0494655970	5.4527e-95    	42  	42  	42  	42  	1e-07	132.05	1e-07	132.05
114       	116       	1         	a    	-217.0494655970	5.4527e-95    	42  	42  	42  	42  	1e-07	132.05	1e-07	132.05
114       	117       	1         	a    	-217.0494655970	5.4527e-95    	42  	42  	42  	42  	1e-07	132.05	1e-07	132.05
114       	118       	1         	a    	-211.4223333328	1.5151e-92    	42  	42  	42  	42  	1e-07	100.15	1e-07	100.15
95        	115       	1         	a    	-138.9542647261	4.4971e-61    	4   	4   	4   	4   	32  	-   	32  	-   
100       	115       	1         	a    	-138.9542647261	4.4971e-61    	4   	4   	4   	4   	32  	-   	32  	-   
101       	115       	1         	a    	-138.9542647261	4.4971e-61    	4   	4   	4   	4   	32  	-   	32  	-   
115       	116       	1         	a    	-148.3509232985	3.7326e-65    	32  	32  	32  	32  	1e-07	1000	1e-07	1000
115       	117       	1         	a    	-148.3509232985	3.7326e-65    	32  	32  	32  	32  	1e-07	1000	1e-07	1000
115       	118       	1         	a    	-167.6429213776	1.5617e-73    	32  	32  	32  	32  	1e-07	707.46	1e-07	707.46
95        	116       	1         	a    	-138.9542647261	4.4971e-61    	4   	4   	4   	4   	32  	-   	32  	-   
100       	116       	1         	a    	-138.9542647261	4.4971e-61    	4   	4   	4   	4   	32  	-   	32  	-   
101       	116       	1         	a    	-138.9542647261	4.4971e-61    	4   	4   	4   	4   	32  	-   	32  	-   
116       	117       	1         	a    	-148.3509232985	3.7326e-65    	32  	32  	32  	32  	1e-07	1000	1e-07	1000
116       	118       	1         	a    	-167.6429213776	1.5617e-73    	32  	32  	32  	32  	1e-07	707.46	1e-07	707.46
95        	117       	1         	a    	-138.9542647261	4.4971e-61    	4   	4   	4   	4   	32  	-   	32  	-   
100       	117       	1         	a    	-138.9542647261	4.4971e-61    	4   	4   	4   	4   	32  	-   	32  	-   
101       	117       	1         	a    	-138.9542647261	4.4971e-61    	4   	4   	4   	4   	32  	-   	32  	-   
117       	118       	1         	a    	-167.6429213776	1.5617e-73    	32  	32  	32  	32  	1e-07	707.46	1e-07	707.46
95        	118       	1         	a    	-128.0505817754	2.4453e-56    	4   	4   	4   	4   	27  	-   	27  	-   
100       	118       	1         	a    	-128.0505817754	2.4453e-56    	4   	4   	4   	4   	27  	-   	27  	-   
101       	118       	1         	a    	-128.0505817754	2.4453e-56    	4   	4   	4   	4   	27  	-   	27  	-   
119       	120       	1         	a    	-9.9678046597 	4.6885e-05    	2   	2   	2   	2   	0   	1000	0   	1000
119       	121       	1         	a    	-9.9678046597 	4.6885e-05    	2   	2   	2   	2   	0   	1000	0   	1000
119       	122       	1         	a    	-9.9678046597 	4.6885e-05    	2   	2   	2   	2   	0   	1000	0   	1000
119       	123       	1         	a    	-9.9678046597 	4.6885e-05    	2   	2   	2   	2   	0   	1000	0   	1000
119       	124       	1         	a    	-9.9678046597 	4.6885e-05    	2   	2   	2   	2   	0   	1000	0   	1000
119       	125       	1         	a    	-9.9678046597 	4.6885e-05    	2   	2   	2   	2   	0   	1000	0   	1000
119       	126       	1         	a    	-9.9678046597 	4.6885e-05    	2   	2   	2   	2   	0   	1000	0   	1000
119       	127       	1         	a    	-9.9678046597 	4.6885e-05    	2   	2   	2   	2   	0   	1000	0   	1000
120       	121       	1         	a    	-9.9678046597 	4.6885e-05    	2   	2   	2   	2   	0   	1000	0   	1000
120       	122       	1         	a    	-9.9678046597 	4.6885e-05    	2   	2   	2   	2   	0   	1000	0   	1000
120       	123       	1         	a    	-9.9678046597 	4.6885e-05    	2   	2   	2   	2   	0   	1000	0   	1000
120       	124       	1         	a    	-9.9678046597 	4.6885e-05    	2   	2   	2   	2   	0   	1000	0   	1000
120       	125       	1         	a    	-9.9678046597 	4.6885e-05    	2   	2   	2   	2   	0   	1000	0   	1000
120       	126       	1         	a    	-9.9678046597 	4.6885e-05    	2   	2   	2   	2   	0   	1000	0   	1000
120       	127       	1         	a    	-9.9678046597 	4.6885e-05    	2   	2   	2   	2   	0   	1000	0   	1000
121       	122       	1         	a    	-9.9678046597 	4.6885e-05    	2   	2   	2   	2   	0   	1000	0   	1000
121       	123       	1         	a    	-9.9678046597 	4.6885e-05    	2   	2   	2   	2   	0   	1000	0   	1000
121       	124       	1         	a    	-9.9678046597 	4.6885e-05    	2   	2   	2   	2   	0   	1000	0   	1000
121       	125       	1         	a    	-9.9678046597 	4.6885e-05    	2   	2   	2   	2   	0   	1000	0   	1000
121       	126       	1         	a    	-9.9678046597 	4.6885e-05    	2   	2   	2   	2   	0   	1000	0   	1000
121       	127       	1         	a    	-9.9678046597 	4.6885e-05    	2   	2   	2   	2   	0   	1000	0   	1000
122       	123       	1         	a    	-9.9678046597 	4.6885e-05    	2   	2   	2   	2   	0   	1000	0   	1000
122       	124       	1         	a    	-9.9678046597 	4.6885e-05    	2   	2   	2   	2   	0   	1000	0   	1000
122       	125       	1         	a    	-9.9678046597 	4.6885e-05    	2   	2   	2   	2   	0   	1000	0   	1000
122       	126       	1         	a    	-9.9678046597 	4.6885e-05    	2   	2   	2   	2   	0   	1000	0   	1000
122       	127       	1         	a    	-9.9678046597 	4.6885e-05    	2   	2   	2   	2   	0   	1000	0   	1000
123       	124       	1         	a    	-9.9678046597 	4.6885e-05    	2   	2   	2   	2   	0   	1000	0   	1000
123       	125       	1         	a    	-9.9678046597 	4.6885e-05    	2   	2   	2   	2   	0   	1000	0   	1000
123       	126       	1         	a    	-9.9678046597 	4.6885e-05    	2   	2   	2   	2   	0   	1000	0   	1000
123       	127       	1         	a    	-9.9678046597 	4.6885e-05    	2   	2   	2   	2   	0   	1000	0   	1000
124       	125       	1         	a    	-9.9678046597 	4.6885e-05    	2   	2   	2   	2   	0   	1000	0   	1000
124       	126       	1         	a    	-9.9678046597 	4.6885e-05    	2   	2   	2   	2   	0   	1000	0   	1000
124       	127       	1         	a    	-9.9678046597 	4.6885e-05    	2   	2   	2   	2   	0   	1000	0   	1000
125       	126       	1         	a    	-9.9678046597 	4.6885e-05    	2   	2   	2   	2   	0   	1000	0   	1000
125       	127       	1         	a    	-9.9678046597 	4.6885e-05    	2   	2   	2   	2   	0   	1000	0   	1000
126       	127       	1         	a    	-9.9678046597 	4.6885e-05    	2   	2   	2   	2   	0   	1000	0   	1000
