Event1    	Event2    	Tree      	Model	lnML          	ML            	mu1 	mu1star	nu1 	nu1star	mu2 	mu2star	nu2 	nu2star
4         	21        	1         	A    	-5.4906889147 	0.004125      	1.0318	1.0318	0   	0   	0   	1000	0   	0   
4         	95        	1         	A    	-20.3640346836	1.4322e-09    	1.0318	1.0318	0   	0   	3.2746	1000	0   	0   
4         	100       	1         	A    	-20.3640346836	1.4322e-09    	1.0318	1.0318	0   	0   	3.2746	1000	0   	0   
4         	101       	1         	A    	-20.3640346836	1.4322e-09    	1.0318	1.0318	0   	0   	3.2746	1000	0   	0   
7         	8         	1         	A    	-110.6638527842	8.6956e-49    	9.0208	9.0208	0   	0   	15.574	1000	4.4494	285.68
7         	22        	1         	A    	-76.7545497131	4.6336e-34    	9.026	9.026	0   	0   	8.0946	28.843	6.462	23.026
7         	23        	1         	A    	-45.1053758106	2.5762e-20    	8.9909	8.9909	0   	0   	0   	9.0766	0   	1000
7         	24        	1         	A    	-45.1053758106	2.5762e-20    	8.9909	8.9909	0   	0   	0   	9.0766	0   	1000
7         	43        	1         	A    	-64.5467719693	9.2831e-29    	8.9918	8.9918	8.9918e-07	8.9918e-07	4.8603	0   	14.824	0   
7         	44        	1         	A    	-80.8831094676	7.463e-36     	8.9594	8.9594	8.9594e-07	8.9594e-07	15.144	0   	5.6766	0   
7         	45        	1         	A    	-45.1053758106	2.5762e-20    	8.9909	8.9909	0   	0   	0   	9.0766	0   	1000
7         	47        	1         	A    	-45.1053758106	2.5762e-20    	8.9909	8.9909	0   	0   	0   	9.0766	0   	1000
8         	22        	1         	A    	-127.8097714629	3.1112e-56    	24.845	24.845	4.2504	4.2504	4.4314	34.785	6.6578	52.261
8         	43        	1         	A    	-117.1173565623	1.3696e-51    	24.557	24.557	4.4191	4.4191	5.4549	0   	14.227	0   
8         	44        	1         	A    	-132.2609598182	3.6291e-58    	24.91	24.91	4.215	4.215	5.9747	41.585	6.1668	42.922
8         	51        	1         	A    	-127.9923825489	2.5919e-56    	24.773	24.773	4.2914	4.2914	7.0223	48.12	14.644	100.35
11        	22        	1         	A    	-50.5252413534	1.1407e-22    	4.402	4.402	10.951	10.951	5.155	1000	4.264	827.16
11        	23        	1         	A    	-35.3159876887	4.5969e-16    	4.3956	4.3956	11.112	11.112	0   	10.423	0   	1000
11        	24        	1         	A    	-35.3159876887	4.5969e-16    	4.3956	4.3956	11.112	11.112	0   	10.423	0   	1000
11        	44        	1         	A    	-56.0091966920	4.7371e-25    	4.4021	4.4021	10.948	10.948	7.5599	1000	4.4082	583.11
11        	45        	1         	A    	-35.3159876887	4.5969e-16    	4.3956	4.3956	11.112	11.112	0   	10.423	0   	1000
11        	46        	1         	A    	-51.2937764439	5.2893e-23    	4.3999	4.3999	11.004	11.004	5.2821	1000	3.8135	721.97
11        	47        	1         	A    	-35.3159876887	4.5969e-16    	4.3956	4.3956	11.112	11.112	0   	10.423	0   	1000
12        	13        	1         	A    	-95.7599336439	2.5822e-42    	7.6944	7.6944	13.512	13.512	1.0211	9.3362	15.089	137.96
12        	15        	1         	A    	-96.6493315494	1.061e-42     	7.7021	7.7021	13.507	13.507	5.1299	9.1398	39.656	70.654
12        	43        	1         	A    	-78.4956553763	8.124e-35     	7.8782	7.8782	13.402	13.402	10.97	3.5515	15.303	4.9541
12        	63        	1         	A    	-95.5446854796	3.2024e-42    	7.8328	7.8328	13.429	13.429	9.1453	70.121	8.6168	66.069
12        	64        	1         	A    	-95.5446854796	3.2024e-42    	7.8328	7.8328	13.429	13.429	9.1453	70.121	8.6168	66.069
12        	65        	1         	A    	-95.5446854796	3.2024e-42    	7.8328	7.8328	13.429	13.429	9.1453	70.121	8.6168	66.069
12        	66        	1         	A    	-95.5446854796	3.2024e-42    	7.8328	7.8328	13.429	13.429	9.1453	70.121	8.6168	66.069
12        	67        	1         	A    	-95.5446854796	3.2024e-42    	7.8328	7.8328	13.429	13.429	9.1453	70.121	8.6168	66.069
13        	15        	1         	A    	-74.0364840999	7.0204e-33    	8.5937	8.5937	14.475	14.475	1.9382	158.94	30.796	1000
13        	43        	1         	A    	-60.3710384667	6.0421e-27    	8.5625	8.5625	15.222	15.222	0.65086	130.14	6.2925	1000
13        	44        	1         	A    	-85.3293498104	8.7485e-38    	8.579	8.579	14.818	14.818	10.053	85.107	5.9179	50.099
15        	43        	1         	A    	-66.1527373052	1.8631e-29    	8.3537	8.3537	47.233	47.233	1.4803	83.351	10.051	565.96
7         	16        	1         	A    	-64.0260063462	1.5626e-28    	8.9917	8.9917	0   	0   	2.2482	9.0701	2.2482e-07	9.0701e-07
8         	16        	1         	A    	-116.0459192405	3.9985e-51    	24.61	24.61	4.3865	4.3865	3.887	0   	0   	0   
11        	16        	1         	A    	-54.2683962290	2.7011e-24    	4.3958	4.3958	11.107	11.107	2.2127	10.418	1.6581e-07	7.8073e-07
13        	16        	1         	A    	-62.7159562606	5.7917e-28    	8.5491	8.5491	15.569	15.569	0   	46.025	0   	1000
15        	16        	1         	A    	-62.8374588272	5.1291e-28    	8.3744	8.3744	47.729	47.729	0   	70.893	0   	1000
16        	22        	1         	A    	-63.2693532960	3.3302e-28    	3.0005	3.0005	0   	0   	9.5061	1000	6.3168	664.5
16        	23        	1         	A    	-30.5442088571	5.4302e-14    	3.0005	3.0005	0   	0   	0   	1000	0   	1000
16        	24        	1         	A    	-30.5442088571	5.4302e-14    	3.0005	3.0005	0   	0   	0   	1000	0   	1000
16        	43        	1         	A    	-49.9237079098	2.0817e-22    	3.0005	3.0005	0   	0   	3.3837	1000	12.481	1000
16        	44        	1         	A    	-67.6017940120	4.3744e-30    	3.0005	3.0005	0   	0   	12.082	1000	5.8065	480.6
16        	45        	1         	A    	-30.5442088571	5.4302e-14    	3.0005	3.0005	0   	0   	0   	1000	0   	1000
16        	47        	1         	A    	-30.5442088571	5.4302e-14    	3.0005	3.0005	0   	0   	0   	1000	0   	1000
21        	95        	1         	A    	-20.3640346836	1.4322e-09    	1.0318	1.0318	0   	0   	3.2746	1000	0   	0   
21        	100       	1         	A    	-20.3640346836	1.4322e-09    	1.0318	1.0318	0   	0   	3.2746	1000	0   	0   
21        	101       	1         	A    	-20.3640346836	1.4322e-09    	1.0318	1.0318	0   	0   	3.2746	1000	0   	0   
22        	44        	1         	A    	-53.9661362935	3.6543e-24    	10.736	10.736	6.1843	6.1843	1.8441	1000	2.853	1000
22        	46        	1         	A    	-72.6131472223	2.9141e-32    	10.706	10.706	6.2767	6.2767	5.3946	41.261	5.3816	41.162
22        	60        	1         	A    	-72.4207340619	3.5324e-32    	10.729	10.729	6.2052	6.2052	5.2948	50.304	0   	0   
8         	23        	1         	A    	-98.0964705399	2.496e-43     	24.59	24.59	4.3989	4.3989	0   	4.3977	0   	1000
13        	23        	1         	A    	-50.9142704633	7.7306e-23    	8.5607	8.5607	15.269	15.269	0   	15.028	0   	1000
15        	23        	1         	A    	-51.8726243989	2.9649e-23    	8.3624	8.3624	46.151	46.151	0   	22.502	0   	1000
22        	23        	1         	A    	-48.6878917751	7.1634e-22    	10.689	10.689	6.3288	6.3288	0   	6.0993	0   	1000
23        	24        	1         	A    	-13.2062660398	1.839e-06     	1.0001	1.0001	1.0001e-07	1.0001e-07	0   	1000	0   	1000
23        	43        	1         	A    	-32.5689930320	7.1691e-15    	1.0001	1.0001	0   	0   	3.2182	1000	14.759	1000
23        	44        	1         	A    	-50.3111303317	1.413e-22     	1.0001	1.0001	0   	0   	12.081	1000	5.8065	480.63
23        	45        	1         	A    	-13.2062660398	1.839e-06     	1.0001	1.0001	1.0001e-07	1.0001e-07	0   	1000	0   	1000
23        	47        	1         	A    	-13.2062660398	1.839e-06     	1.0001	1.0001	1.0001e-07	1.0001e-07	0   	1000	0   	1000
8         	24        	1         	A    	-98.0964705399	2.496e-43     	24.59	24.59	4.3989	4.3989	0   	4.3977	0   	1000
13        	24        	1         	A    	-50.9142704633	7.7306e-23    	8.5607	8.5607	15.269	15.269	0   	15.028	0   	1000
15        	24        	1         	A    	-51.8726243989	2.9649e-23    	8.3624	8.3624	46.151	46.151	0   	22.502	0   	1000
22        	24        	1         	A    	-48.6878917751	7.1634e-22    	10.689	10.689	6.3288	6.3288	0   	6.0993	0   	1000
24        	43        	1         	A    	-32.5689930320	7.1691e-15    	1.0001	1.0001	0   	0   	3.2182	1000	14.759	1000
24        	44        	1         	A    	-50.3111303317	1.413e-22     	1.0001	1.0001	0   	0   	12.081	1000	5.8065	480.63
24        	45        	1         	A    	-13.2062660398	1.839e-06     	1.0001	1.0001	1.0001e-07	1.0001e-07	0   	1000	0   	1000
24        	47        	1         	A    	-13.2062660398	1.839e-06     	1.0001	1.0001	1.0001e-07	1.0001e-07	0   	1000	0   	1000
26        	27        	1         	A    	-5.5195031610 	0.0040078     	1.0082	1.0082	0   	0   	0   	1000	0   	0   
26        	28        	1         	A    	-5.5195031610 	0.0040078     	1.0082	1.0082	0   	0   	0   	1000	0   	0   
27        	28        	1         	A    	-5.5195031610 	0.0040078     	1.0082	1.0082	0   	0   	0   	1000	0   	0   
4         	43        	1         	A    	-29.6225806786	1.3648e-13    	1.0317	1.0317	0   	0   	3.3853	1000	12.554	1000
21        	43        	1         	A    	-29.6225806786	1.3648e-13    	1.0317	1.0317	0   	0   	3.3853	1000	12.554	1000
22        	43        	1         	A    	-66.8253624754	9.5085e-30    	10.709	10.709	6.2652	6.2652	2.5097	14.574	15.181	88.154
43        	44        	1         	A    	-71.2099238972	1.1856e-31    	4.2988	4.2988	14.385	14.385	11.426	47.545	5.8736	24.441
43        	45        	1         	A    	-35.4465841673	4.0341e-16    	4.2898	4.2898	14.802	14.802	0   	14.576	0   	1000
43        	47        	1         	A    	-35.4465841673	4.0341e-16    	4.2898	4.2898	14.802	14.802	0   	14.576	0   	1000
44        	46        	1         	A    	-77.1951401824	2.9825e-34    	13.302	13.302	5.7777	5.7777	5.4914	34.696	5.4007	34.124
44        	60        	1         	A    	-77.1096684104	3.2486e-34    	13.33	13.33	5.7214	5.7214	5.392	42.829	0   	0   
8         	45        	1         	A    	-98.0964705399	2.496e-43     	24.59	24.59	4.3989	4.3989	0   	4.3977	0   	1000
13        	45        	1         	A    	-50.9142704633	7.7306e-23    	8.5607	8.5607	15.269	15.269	0   	15.028	0   	1000
15        	45        	1         	A    	-51.8726243989	2.9649e-23    	8.3624	8.3624	46.151	46.151	0   	22.502	0   	1000
22        	45        	1         	A    	-48.6878917751	7.1634e-22    	10.689	10.689	6.3288	6.3288	0   	6.0993	0   	1000
44        	45        	1         	A    	-52.9198086111	1.0404e-23    	13.283	13.283	5.8182	5.8182	0   	5.6236	0   	1000
45        	47        	1         	A    	-13.2062660398	1.839e-06     	1.0001	1.0001	1.0001e-07	1.0001e-07	0   	1000	0   	1000
46        	114       	1         	A    	-132.2830620725	3.5497e-58    	8.5361	8.5361	5.5559	5.5559	1.7337	0   	98.274	0   
8         	47        	1         	A    	-98.0964705399	2.496e-43     	24.59	24.59	4.3989	4.3989	0   	4.3977	0   	1000
13        	47        	1         	A    	-50.9142704633	7.7306e-23    	8.5607	8.5607	15.269	15.269	0   	15.028	0   	1000
15        	47        	1         	A    	-51.8726243989	2.9649e-23    	8.3624	8.3624	46.151	46.151	0   	22.502	0   	1000
22        	47        	1         	A    	-48.6878917751	7.1634e-22    	10.689	10.689	6.3288	6.3288	0   	6.0993	0   	1000
44        	47        	1         	A    	-52.9198086111	1.0404e-23    	13.283	13.283	5.8182	5.8182	0   	5.6236	0   	1000
48        	49        	1         	A    	-77.9494236653	1.4028e-34    	8.8913	8.8913	20.982	20.982	1e-07	1000	4.2767e-06	1000
48        	50        	1         	A    	-77.9494236653	1.4028e-34    	8.8913	8.8913	20.982	20.982	1e-07	1000	4.2767e-06	1000
48        	119       	1         	A    	-85.1327027717	1.065e-37     	8.28	8.28	21.096	21.096	0   	2.2223	0   	0   
48        	120       	1         	A    	-85.1327027717	1.065e-37     	8.28	8.28	21.096	21.096	0   	2.2223	0   	0   
48        	121       	1         	A    	-85.1327027717	1.065e-37     	8.28	8.28	21.096	21.096	0   	2.2223	0   	0   
48        	122       	1         	A    	-85.1327027717	1.065e-37     	8.28	8.28	21.096	21.096	0   	2.2223	0   	0   
48        	123       	1         	A    	-85.1327027717	1.065e-37     	8.28	8.28	21.096	21.096	0   	2.2223	0   	0   
48        	124       	1         	A    	-85.1327027717	1.065e-37     	8.28	8.28	21.096	21.096	0   	2.2223	0   	0   
48        	125       	1         	A    	-85.1327027717	1.065e-37     	8.28	8.28	21.096	21.096	0   	2.2223	0   	0   
48        	126       	1         	A    	-85.1327027717	1.065e-37     	8.28	8.28	21.096	21.096	0   	2.2223	0   	0   
48        	127       	1         	A    	-85.1327027717	1.065e-37     	8.28	8.28	21.096	21.096	0   	2.2223	0   	0   
49        	50        	1         	A    	-69.3923245998	7.2996e-31    	8.4315	8.4315	19.665	19.665	1e-07	1000	0.0001	1000
49        	119       	1         	A    	-79.6523675032	2.5551e-35    	8.2874	8.2874	19.771	19.771	0   	2.2223	0   	0   
49        	120       	1         	A    	-79.6523675032	2.5551e-35    	8.2874	8.2874	19.771	19.771	0   	2.2223	0   	0   
49        	121       	1         	A    	-79.6523675032	2.5551e-35    	8.2874	8.2874	19.771	19.771	0   	2.2223	0   	0   
49        	122       	1         	A    	-79.6523675032	2.5551e-35    	8.2874	8.2874	19.771	19.771	0   	2.2223	0   	0   
49        	123       	1         	A    	-79.6523675032	2.5551e-35    	8.2874	8.2874	19.771	19.771	0   	2.2223	0   	0   
49        	124       	1         	A    	-79.6523675032	2.5551e-35    	8.2874	8.2874	19.771	19.771	0   	2.2223	0   	0   
49        	125       	1         	A    	-79.6523675032	2.5551e-35    	8.2874	8.2874	19.771	19.771	0   	2.2223	0   	0   
49        	126       	1         	A    	-79.6523675032	2.5551e-35    	8.2874	8.2874	19.771	19.771	0   	2.2223	0   	0   
49        	127       	1         	A    	-79.6523675032	2.5551e-35    	8.2874	8.2874	19.771	19.771	0   	2.2223	0   	0   
50        	119       	1         	A    	-79.6523675032	2.5551e-35    	8.2874	8.2874	19.771	19.771	0   	2.2223	0   	0   
50        	120       	1         	A    	-79.6523675032	2.5551e-35    	8.2874	8.2874	19.771	19.771	0   	2.2223	0   	0   
50        	121       	1         	A    	-79.6523675032	2.5551e-35    	8.2874	8.2874	19.771	19.771	0   	2.2223	0   	0   
50        	122       	1         	A    	-79.6523675032	2.5551e-35    	8.2874	8.2874	19.771	19.771	0   	2.2223	0   	0   
50        	123       	1         	A    	-79.6523675032	2.5551e-35    	8.2874	8.2874	19.771	19.771	0   	2.2223	0   	0   
50        	124       	1         	A    	-79.6523675032	2.5551e-35    	8.2874	8.2874	19.771	19.771	0   	2.2223	0   	0   
50        	125       	1         	A    	-79.6523675032	2.5551e-35    	8.2874	8.2874	19.771	19.771	0   	2.2223	0   	0   
50        	126       	1         	A    	-79.6523675032	2.5551e-35    	8.2874	8.2874	19.771	19.771	0   	2.2223	0   	0   
50        	127       	1         	A    	-79.6523675032	2.5551e-35    	8.2874	8.2874	19.771	19.771	0   	2.2223	0   	0   
57        	58        	1         	A    	-5.8836067542 	0.0027847     	1.0168	1.0168	0   	0   	0   	1000	0   	0   
59        	85        	1         	A    	-129.5722227616	5.3395e-57    	10.376	10.376	19.694	19.694	4.1222	16.731	7.7237	31.348
59        	88        	1         	A    	-129.5722227616	5.3395e-57    	10.376	10.376	19.694	19.694	4.1222	16.731	7.7237	31.348
59        	112       	1         	A    	-172.6865074434	1.0074e-75    	10.353	10.353	19.712	19.712	3.3266	9.7032	23.081	67.323
59        	113       	1         	A    	-180.0321110061	6.502e-79     	10.357	10.357	19.709	19.709	2.9145	8.0229	30.714	84.548
59        	115       	1         	A    	-180.0321110061	6.502e-79     	10.357	10.357	19.709	19.709	2.9145	8.0229	30.714	84.548
59        	116       	1         	A    	-180.0321110061	6.502e-79     	10.357	10.357	19.709	19.709	2.9145	8.0229	30.714	84.548
59        	117       	1         	A    	-180.0321110061	6.502e-79     	10.357	10.357	19.709	19.709	2.9145	8.0229	30.714	84.548
59        	118       	1         	A    	-172.6865074434	1.0074e-75    	10.353	10.353	19.712	19.712	3.3266	9.7032	23.081	67.323
4         	60        	1         	A    	-38.1544144807	2.69e-17      	1.0319	1.0319	0   	0   	8.4336	1000	0   	0   
21        	60        	1         	A    	-38.1544144807	2.69e-17      	1.0319	1.0319	0   	0   	8.4336	1000	0   	0   
57        	60        	1         	A    	-38.2072526406	2.5515e-17    	1.0168	1.0168	0   	0   	8.4333	1000	0   	0   
58        	60        	1         	A    	-38.2072526406	2.5515e-17    	1.0168	1.0168	0   	0   	8.4333	1000	0   	0   
61        	62        	1         	A    	-4.9143730586 	0.0073403     	1.05	1.05	0   	0   	0   	1000	0   	0   
61        	78        	1         	A    	-12.0138024587	6.06e-06      	1.0501	1.0501	0   	0   	1.0803	1000	0   	0   
62        	78        	1         	A    	-12.0138024587	6.06e-06      	1.0501	1.0501	0   	0   	1.0803	1000	0   	0   
44        	63        	1         	A    	-94.1595636560	1.2794e-41    	13.351	13.351	5.6798	5.6798	9.7849	0   	16.003	0   
63        	64        	1         	A    	-48.5924301481	7.8809e-22    	9.5148	9.5148	16.065	16.065	0   	1000	0   	1000
63        	65        	1         	A    	-48.5924301481	7.8809e-22    	9.5148	9.5148	16.065	16.065	0   	1000	0   	1000
63        	66        	1         	A    	-48.5924301481	7.8809e-22    	9.5148	9.5148	16.065	16.065	0   	1000	0   	1000
63        	67        	1         	A    	-48.5924301481	7.8809e-22    	9.5148	9.5148	16.065	16.065	0   	1000	0   	1000
63        	80        	1         	A    	-57.9616209934	6.7234e-26    	9.3973	9.3973	16.158	16.158	11.686	1.1047	0   	0   
63        	81        	1         	A    	-57.9616209934	6.7234e-26    	9.3973	9.3973	16.158	16.158	11.686	1.1047	0   	0   
63        	82        	1         	A    	-57.9616209934	6.7234e-26    	9.3973	9.3973	16.158	16.158	11.686	1.1047	0   	0   
44        	64        	1         	A    	-94.1595636560	1.2794e-41    	13.351	13.351	5.6798	5.6798	9.7849	0   	16.003	0   
64        	65        	1         	A    	-48.5924301481	7.8809e-22    	9.5148	9.5148	16.065	16.065	0   	1000	0   	1000
64        	66        	1         	A    	-48.5924301481	7.8809e-22    	9.5148	9.5148	16.065	16.065	0   	1000	0   	1000
64        	67        	1         	A    	-48.5924301481	7.8809e-22    	9.5148	9.5148	16.065	16.065	0   	1000	0   	1000
64        	80        	1         	A    	-57.9616209934	6.7234e-26    	9.3973	9.3973	16.158	16.158	11.686	1.1047	0   	0   
64        	81        	1         	A    	-57.9616209934	6.7234e-26    	9.3973	9.3973	16.158	16.158	11.686	1.1047	0   	0   
64        	82        	1         	A    	-57.9616209934	6.7234e-26    	9.3973	9.3973	16.158	16.158	11.686	1.1047	0   	0   
44        	65        	1         	A    	-94.1595636560	1.2794e-41    	13.351	13.351	5.6798	5.6798	9.7849	0   	16.003	0   
65        	66        	1         	A    	-48.5924301481	7.8809e-22    	9.5148	9.5148	16.065	16.065	0   	1000	0   	1000
65        	67        	1         	A    	-48.5924301481	7.8809e-22    	9.5148	9.5148	16.065	16.065	0   	1000	0   	1000
65        	80        	1         	A    	-57.9616209934	6.7234e-26    	9.3973	9.3973	16.158	16.158	11.686	1.1047	0   	0   
65        	81        	1         	A    	-57.9616209934	6.7234e-26    	9.3973	9.3973	16.158	16.158	11.686	1.1047	0   	0   
65        	82        	1         	A    	-57.9616209934	6.7234e-26    	9.3973	9.3973	16.158	16.158	11.686	1.1047	0   	0   
44        	66        	1         	A    	-94.1595636560	1.2794e-41    	13.351	13.351	5.6798	5.6798	9.7849	0   	16.003	0   
66        	67        	1         	A    	-48.5924301481	7.8809e-22    	9.5148	9.5148	16.065	16.065	0   	1000	0   	1000
66        	80        	1         	A    	-57.9616209934	6.7234e-26    	9.3973	9.3973	16.158	16.158	11.686	1.1047	0   	0   
66        	81        	1         	A    	-57.9616209934	6.7234e-26    	9.3973	9.3973	16.158	16.158	11.686	1.1047	0   	0   
66        	82        	1         	A    	-57.9616209934	6.7234e-26    	9.3973	9.3973	16.158	16.158	11.686	1.1047	0   	0   
44        	67        	1         	A    	-94.1595636560	1.2794e-41    	13.351	13.351	5.6798	5.6798	9.7849	0   	16.003	0   
67        	80        	1         	A    	-57.9616209934	6.7234e-26    	9.3973	9.3973	16.158	16.158	11.686	1.1047	0   	0   
67        	81        	1         	A    	-57.9616209934	6.7234e-26    	9.3973	9.3973	16.158	16.158	11.686	1.1047	0   	0   
67        	82        	1         	A    	-57.9616209934	6.7234e-26    	9.3973	9.3973	16.158	16.158	11.686	1.1047	0   	0   
68        	69        	1         	A    	-11.7256636251	8.0837e-06    	2.072	2.072	0   	0   	0   	1000	0   	0   
68        	70        	1         	A    	-11.7256636251	8.0837e-06    	2.072	2.072	0   	0   	0   	1000	0   	0   
68        	71        	1         	A    	-11.7256636251	8.0837e-06    	2.072	2.072	0   	0   	0   	1000	0   	0   
68        	72        	1         	A    	-11.7256636251	8.0837e-06    	2.072	2.072	0   	0   	0   	1000	0   	0   
68        	73        	1         	A    	-11.7256636251	8.0837e-06    	2.072	2.072	0   	0   	0   	1000	0   	0   
68        	74        	1         	A    	-11.7256636251	8.0837e-06    	2.072	2.072	0   	0   	0   	1000	0   	0   
68        	75        	1         	A    	-11.7256636251	8.0837e-06    	2.072	2.072	0   	0   	0   	1000	0   	0   
68        	76        	1         	A    	-11.7256636251	8.0837e-06    	2.072	2.072	0   	0   	0   	1000	0   	0   
68        	77        	1         	A    	-11.7256636251	8.0837e-06    	2.072	2.072	0   	0   	0   	1000	0   	0   
68        	78        	1         	A    	-16.4786915562	6.9726e-08    	2.071	2.071	0   	0   	1.08	1000	0   	0   
69        	70        	1         	A    	-11.7256636251	8.0837e-06    	2.072	2.072	0   	0   	0   	1000	0   	0   
69        	71        	1         	A    	-11.7256636251	8.0837e-06    	2.072	2.072	0   	0   	0   	1000	0   	0   
69        	72        	1         	A    	-11.7256636251	8.0837e-06    	2.072	2.072	0   	0   	0   	1000	0   	0   
69        	73        	1         	A    	-11.7256636251	8.0837e-06    	2.072	2.072	0   	0   	0   	1000	0   	0   
69        	74        	1         	A    	-11.7256636251	8.0837e-06    	2.072	2.072	0   	0   	0   	1000	0   	0   
69        	75        	1         	A    	-11.7256636251	8.0837e-06    	2.072	2.072	0   	0   	0   	1000	0   	0   
69        	76        	1         	A    	-11.7256636251	8.0837e-06    	2.072	2.072	0   	0   	0   	1000	0   	0   
69        	77        	1         	A    	-11.7256636251	8.0837e-06    	2.072	2.072	0   	0   	0   	1000	0   	0   
69        	78        	1         	A    	-16.4786915562	6.9726e-08    	2.071	2.071	0   	0   	1.08	1000	0   	0   
70        	71        	1         	A    	-11.7256636251	8.0837e-06    	2.072	2.072	0   	0   	0   	1000	0   	0   
70        	72        	1         	A    	-11.7256636251	8.0837e-06    	2.072	2.072	0   	0   	0   	1000	0   	0   
70        	73        	1         	A    	-11.7256636251	8.0837e-06    	2.072	2.072	0   	0   	0   	1000	0   	0   
70        	74        	1         	A    	-11.7256636251	8.0837e-06    	2.072	2.072	0   	0   	0   	1000	0   	0   
70        	75        	1         	A    	-11.7256636251	8.0837e-06    	2.072	2.072	0   	0   	0   	1000	0   	0   
70        	76        	1         	A    	-11.7256636251	8.0837e-06    	2.072	2.072	0   	0   	0   	1000	0   	0   
70        	77        	1         	A    	-11.7256636251	8.0837e-06    	2.072	2.072	0   	0   	0   	1000	0   	0   
70        	78        	1         	A    	-16.4786915562	6.9726e-08    	2.071	2.071	0   	0   	1.08	1000	0   	0   
71        	72        	1         	A    	-11.7256636251	8.0837e-06    	2.072	2.072	0   	0   	0   	1000	0   	0   
71        	73        	1         	A    	-11.7256636251	8.0837e-06    	2.072	2.072	0   	0   	0   	1000	0   	0   
71        	74        	1         	A    	-11.7256636251	8.0837e-06    	2.072	2.072	0   	0   	0   	1000	0   	0   
71        	75        	1         	A    	-11.7256636251	8.0837e-06    	2.072	2.072	0   	0   	0   	1000	0   	0   
71        	76        	1         	A    	-11.7256636251	8.0837e-06    	2.072	2.072	0   	0   	0   	1000	0   	0   
71        	77        	1         	A    	-11.7256636251	8.0837e-06    	2.072	2.072	0   	0   	0   	1000	0   	0   
71        	78        	1         	A    	-16.4786915562	6.9726e-08    	2.071	2.071	0   	0   	1.08	1000	0   	0   
72        	73        	1         	A    	-11.7256636251	8.0837e-06    	2.072	2.072	0   	0   	0   	1000	0   	0   
72        	74        	1         	A    	-11.7256636251	8.0837e-06    	2.072	2.072	0   	0   	0   	1000	0   	0   
72        	75        	1         	A    	-11.7256636251	8.0837e-06    	2.072	2.072	0   	0   	0   	1000	0   	0   
72        	76        	1         	A    	-11.7256636251	8.0837e-06    	2.072	2.072	0   	0   	0   	1000	0   	0   
72        	77        	1         	A    	-11.7256636251	8.0837e-06    	2.072	2.072	0   	0   	0   	1000	0   	0   
72        	78        	1         	A    	-16.4786915562	6.9726e-08    	2.071	2.071	0   	0   	1.08	1000	0   	0   
73        	74        	1         	A    	-11.7256636251	8.0837e-06    	2.072	2.072	0   	0   	0   	1000	0   	0   
73        	75        	1         	A    	-11.7256636251	8.0837e-06    	2.072	2.072	0   	0   	0   	1000	0   	0   
73        	76        	1         	A    	-11.7256636251	8.0837e-06    	2.072	2.072	0   	0   	0   	1000	0   	0   
73        	77        	1         	A    	-11.7256636251	8.0837e-06    	2.072	2.072	0   	0   	0   	1000	0   	0   
73        	78        	1         	A    	-16.4786915562	6.9726e-08    	2.071	2.071	0   	0   	1.08	1000	0   	0   
74        	75        	1         	A    	-11.7256636251	8.0837e-06    	2.072	2.072	0   	0   	0   	1000	0   	0   
74        	76        	1         	A    	-11.7256636251	8.0837e-06    	2.072	2.072	0   	0   	0   	1000	0   	0   
74        	77        	1         	A    	-11.7256636251	8.0837e-06    	2.072	2.072	0   	0   	0   	1000	0   	0   
74        	78        	1         	A    	-16.4786915562	6.9726e-08    	2.071	2.071	0   	0   	1.08	1000	0   	0   
75        	76        	1         	A    	-11.7256636251	8.0837e-06    	2.072	2.072	0   	0   	0   	1000	0   	0   
75        	77        	1         	A    	-11.7256636251	8.0837e-06    	2.072	2.072	0   	0   	0   	1000	0   	0   
75        	78        	1         	A    	-16.4786915562	6.9726e-08    	2.071	2.071	0   	0   	1.08	1000	0   	0   
76        	77        	1         	A    	-11.7256636251	8.0837e-06    	2.072	2.072	0   	0   	0   	1000	0   	0   
76        	78        	1         	A    	-16.4786915562	6.9726e-08    	2.071	2.071	0   	0   	1.08	1000	0   	0   
77        	78        	1         	A    	-16.4786915562	6.9726e-08    	2.071	2.071	0   	0   	1.08	1000	0   	0   
79        	80        	1         	A    	-11.5682478717	9.4618e-06    	1.0052	1.0052	0   	0   	1.0097	1000	0   	0   
79        	81        	1         	A    	-11.5682478717	9.4618e-06    	1.0052	1.0052	0   	0   	1.0097	1000	0   	0   
79        	82        	1         	A    	-11.5682478717	9.4618e-06    	1.0052	1.0052	0   	0   	1.0097	1000	0   	0   
79        	83        	1         	A    	-5.8544483321 	0.0028671     	1.0052	1.0052	0   	0   	0   	1000	0   	0   
79        	84        	1         	A    	-5.8544483321 	0.0028671     	1.0052	1.0052	0   	0   	0   	1000	0   	0   
80        	81        	1         	A    	-10.2959852147	3.3768e-05    	2.0204	2.0204	0   	0   	0   	1000	0   	0   
80        	82        	1         	A    	-10.2959852147	3.3768e-05    	2.0204	2.0204	0   	0   	0   	1000	0   	0   
80        	83        	1         	A    	-11.4522312178	1.0626e-05    	2.0186	2.0186	0   	0   	0   	179.82	0   	0   
80        	84        	1         	A    	-11.4522312178	1.0626e-05    	2.0186	2.0186	0   	0   	0   	179.82	0   	0   
80        	103       	1         	A    	-11.4993812865	1.0136e-05    	2.0189	2.0189	0   	0   	0   	164.87	0   	0   
81        	82        	1         	A    	-10.2959852147	3.3768e-05    	2.0204	2.0204	0   	0   	0   	1000	0   	0   
81        	83        	1         	A    	-11.4522312178	1.0626e-05    	2.0186	2.0186	0   	0   	0   	179.82	0   	0   
81        	84        	1         	A    	-11.4522312178	1.0626e-05    	2.0186	2.0186	0   	0   	0   	179.82	0   	0   
81        	103       	1         	A    	-11.4993812865	1.0136e-05    	2.0189	2.0189	0   	0   	0   	164.87	0   	0   
82        	83        	1         	A    	-11.4522312178	1.0626e-05    	2.0186	2.0186	0   	0   	0   	179.82	0   	0   
82        	84        	1         	A    	-11.4522312178	1.0626e-05    	2.0186	2.0186	0   	0   	0   	179.82	0   	0   
82        	103       	1         	A    	-11.4993812865	1.0136e-05    	2.0189	2.0189	0   	0   	0   	164.87	0   	0   
83        	84        	1         	A    	-5.8544483321 	0.0028671     	1.0052	1.0052	0   	0   	0   	1000	0   	0   
85        	86        	1         	A    	-74.4523530722	4.6318e-33    	16.154	16.154	11.291	11.291	0   	11.276	0   	1000
85        	87        	1         	A    	-74.4523530722	4.6318e-33    	16.154	16.154	11.291	11.291	0   	11.276	0   	1000
85        	88        	1         	A    	-61.4068265401	2.1446e-27    	16.17	16.17	11.277	11.277	0   	1000	0   	1000
26        	86        	1         	A    	-25.6058989989	7.577e-12     	1.0081	1.0081	0   	0   	3.3407	1000	9.893	1000
27        	86        	1         	A    	-25.6058989989	7.577e-12     	1.0081	1.0081	0   	0   	3.3407	1000	9.893	1000
28        	86        	1         	A    	-25.6058989989	7.577e-12     	1.0081	1.0081	0   	0   	3.3407	1000	9.893	1000
86        	87        	1         	A    	-24.5763618097	2.1214e-11    	4.459	4.459	9.7152	9.7152	0   	1000	0   	1000
86        	88        	1         	A    	-73.3161799126	1.4427e-32    	4.4533	4.4533	9.8242	9.8242	12.143	1000	9.6058	791.03
26        	87        	1         	A    	-25.6058989989	7.577e-12     	1.0081	1.0081	0   	0   	3.3407	1000	9.893	1000
27        	87        	1         	A    	-25.6058989989	7.577e-12     	1.0081	1.0081	0   	0   	3.3407	1000	9.893	1000
28        	87        	1         	A    	-25.6058989989	7.577e-12     	1.0081	1.0081	0   	0   	3.3407	1000	9.893	1000
87        	88        	1         	A    	-73.3161799126	1.4427e-32    	4.4533	4.4533	9.8242	9.8242	12.143	1000	9.6058	791.03
51        	89        	1         	A    	-57.5034871973	1.063e-25     	11.446	11.446	14.038	14.038	1.3016	18.221	0   	0   
80        	89        	1         	A    	-27.2708112681	1.4336e-12    	2.019	2.019	0   	0   	3.2318	164 	0   	0   
81        	89        	1         	A    	-27.2708112681	1.4336e-12    	2.019	2.019	0   	0   	3.2318	164 	0   	0   
82        	89        	1         	A    	-27.2708112681	1.4336e-12    	2.019	2.019	0   	0   	3.2318	164 	0   	0   
89        	90        	1         	A    	-20.1858018914	1.7117e-09    	4.2931	4.2931	0   	0   	0   	1000	0   	0   
89        	91        	1         	A    	-20.1858018914	1.7117e-09    	4.2931	4.2931	0   	0   	0   	1000	0   	0   
89        	92        	1         	A    	-20.1858018914	1.7117e-09    	4.2931	4.2931	0   	0   	0   	1000	0   	0   
89        	103       	1         	A    	-22.8724329177	1.1658e-10    	4.2924	4.2924	0   	0   	0   	15.357	0   	0   
51        	90        	1         	A    	-57.5034871973	1.063e-25     	11.446	11.446	14.038	14.038	1.3016	18.221	0   	0   
80        	90        	1         	A    	-27.2708112681	1.4336e-12    	2.019	2.019	0   	0   	3.2318	164 	0   	0   
81        	90        	1         	A    	-27.2708112681	1.4336e-12    	2.019	2.019	0   	0   	3.2318	164 	0   	0   
82        	90        	1         	A    	-27.2708112681	1.4336e-12    	2.019	2.019	0   	0   	3.2318	164 	0   	0   
90        	91        	1         	A    	-20.1858018914	1.7117e-09    	4.2931	4.2931	0   	0   	0   	1000	0   	0   
90        	92        	1         	A    	-20.1858018914	1.7117e-09    	4.2931	4.2931	0   	0   	0   	1000	0   	0   
90        	103       	1         	A    	-22.8724329177	1.1658e-10    	4.2924	4.2924	0   	0   	0   	15.357	0   	0   
51        	91        	1         	A    	-57.5034871973	1.063e-25     	11.446	11.446	14.038	14.038	1.3016	18.221	0   	0   
80        	91        	1         	A    	-27.2708112681	1.4336e-12    	2.019	2.019	0   	0   	3.2318	164 	0   	0   
81        	91        	1         	A    	-27.2708112681	1.4336e-12    	2.019	2.019	0   	0   	3.2318	164 	0   	0   
82        	91        	1         	A    	-27.2708112681	1.4336e-12    	2.019	2.019	0   	0   	3.2318	164 	0   	0   
91        	92        	1         	A    	-20.1858018914	1.7117e-09    	4.2931	4.2931	0   	0   	0   	1000	0   	0   
91        	103       	1         	A    	-22.8724329177	1.1658e-10    	4.2924	4.2924	0   	0   	0   	15.357	0   	0   
51        	92        	1         	A    	-57.5034871973	1.063e-25     	11.446	11.446	14.038	14.038	1.3016	18.221	0   	0   
80        	92        	1         	A    	-27.2708112681	1.4336e-12    	2.019	2.019	0   	0   	3.2318	164 	0   	0   
81        	92        	1         	A    	-27.2708112681	1.4336e-12    	2.019	2.019	0   	0   	3.2318	164 	0   	0   
82        	92        	1         	A    	-27.2708112681	1.4336e-12    	2.019	2.019	0   	0   	3.2318	164 	0   	0   
92        	103       	1         	A    	-22.8724329177	1.1658e-10    	4.2924	4.2924	0   	0   	0   	15.357	0   	0   
93        	94        	1         	A    	-18.6611784766	7.8624e-09    	2.3311	2.3311	50.331	50.331	0   	1000	0   	1000
93        	97        	1         	A    	-33.3353287955	3.3316e-15    	1.102	1.102	85.025	85.025	2.4182	1000	13.405	1000
93        	98        	1         	A    	-18.6611784766	7.8624e-09    	2.3311	2.3311	50.331	50.331	0   	1000	0   	1000
94        	97        	1         	A    	-33.3353287955	3.3316e-15    	1.102	1.102	85.025	85.025	2.4182	1000	13.405	1000
94        	98        	1         	A    	-18.6611784766	7.8624e-09    	2.3311	2.3311	50.331	50.331	0   	1000	0   	1000
95        	100       	1         	A    	-18.6891749008	7.6453e-09    	4.3717	4.3717	0   	0   	0   	1000	0   	0   
95        	101       	1         	A    	-18.6891749008	7.6453e-09    	4.3717	4.3717	0   	0   	0   	1000	0   	0   
96        	99        	1         	A    	-36.3520706339	1.6312e-16    	4.1259	4.1259	10.559	10.559	0   	1000	0   	1000
96        	102       	1         	A    	-36.3520706339	1.6312e-16    	4.1259	4.1259	10.559	10.559	0   	1000	0   	1000
15        	97        	1         	A    	-72.4529194443	3.4206e-32    	8.385	8.385	43.563	43.563	3.3694	50.358	38.448	574.64
97        	98        	1         	A    	-34.2801764852	1.2951e-15    	4.512	4.512	52.187	52.187	0   	59.294	0   	1000
99        	102       	1         	A    	-36.3520706339	1.6312e-16    	4.1259	4.1259	10.559	10.559	0   	1000	0   	1000
100       	101       	1         	A    	-18.6891749008	7.6453e-09    	4.3717	4.3717	0   	0   	0   	1000	0   	0   
26        	104       	1         	A    	-47.0191128811	3.8007e-21    	1.0083	1.0083	0   	0   	8.405	1000	0   	0   
27        	104       	1         	A    	-47.0191128811	3.8007e-21    	1.0083	1.0083	0   	0   	8.405	1000	0   	0   
28        	104       	1         	A    	-47.0191128811	3.8007e-21    	1.0083	1.0083	0   	0   	8.405	1000	0   	0   
89        	105       	1         	A    	-80.6093568612	9.813e-36     	4.2947	4.2947	0   	0   	16.354	49.711	6.065	18.435
90        	105       	1         	A    	-80.6093568612	9.813e-36     	4.2947	4.2947	0   	0   	16.354	49.711	6.065	18.435
91        	105       	1         	A    	-80.6093568612	9.813e-36     	4.2947	4.2947	0   	0   	16.354	49.711	6.065	18.435
92        	105       	1         	A    	-80.6093568612	9.813e-36     	4.2947	4.2947	0   	0   	16.354	49.711	6.065	18.435
95        	105       	1         	A    	-79.1756053117	4.116e-35     	4.3526	4.3526	0   	0   	19.3	0   	5.8919	0   
96        	105       	1         	A    	-98.8304424282	1.1981e-43    	4.1697	4.1697	10.524	10.524	26.678	17.181	6.1227	3.943
99        	105       	1         	A    	-98.8304424282	1.1981e-43    	4.1697	4.1697	10.524	10.524	26.678	17.181	6.1227	3.943
100       	105       	1         	A    	-79.1756053117	4.116e-35     	4.3526	4.3526	0   	0   	19.3	0   	5.8919	0   
101       	105       	1         	A    	-79.1756053117	4.116e-35     	4.3526	4.3526	0   	0   	19.3	0   	5.8919	0   
102       	105       	1         	A    	-98.8304424282	1.1981e-43    	4.1697	4.1697	10.524	10.524	26.678	17.181	6.1227	3.943
105       	106       	1         	A    	-66.5752615149	1.221e-29     	18.117	18.117	5.8126	5.8126	0   	1000	0   	1000
105       	107       	1         	A    	-71.9033951355	5.9259e-32    	18.073	18.073	5.8807	5.8807	0   	1000	0   	1000
105       	108       	1         	A    	-66.5752615149	1.221e-29     	18.117	18.117	5.8126	5.8126	0   	1000	0   	1000
105       	109       	1         	A    	-71.9033951355	5.9259e-32    	18.073	18.073	5.8807	5.8807	0   	1000	0   	1000
105       	110       	1         	A    	-66.5752615149	1.221e-29     	18.117	18.117	5.8126	5.8126	0   	1000	0   	1000
105       	111       	1         	A    	-66.5752615149	1.221e-29     	18.117	18.117	5.8126	5.8126	0   	1000	0   	1000
89        	106       	1         	A    	-80.6093568612	9.813e-36     	4.2947	4.2947	0   	0   	16.354	49.711	6.065	18.435
90        	106       	1         	A    	-80.6093568612	9.813e-36     	4.2947	4.2947	0   	0   	16.354	49.711	6.065	18.435
91        	106       	1         	A    	-80.6093568612	9.813e-36     	4.2947	4.2947	0   	0   	16.354	49.711	6.065	18.435
92        	106       	1         	A    	-80.6093568612	9.813e-36     	4.2947	4.2947	0   	0   	16.354	49.711	6.065	18.435
95        	106       	1         	A    	-79.1756053117	4.116e-35     	4.3526	4.3526	0   	0   	19.3	0   	5.8919	0   
96        	106       	1         	A    	-98.8304424282	1.1981e-43    	4.1697	4.1697	10.524	10.524	26.678	17.181	6.1227	3.943
99        	106       	1         	A    	-98.8304424282	1.1981e-43    	4.1697	4.1697	10.524	10.524	26.678	17.181	6.1227	3.943
100       	106       	1         	A    	-79.1756053117	4.116e-35     	4.3526	4.3526	0   	0   	19.3	0   	5.8919	0   
101       	106       	1         	A    	-79.1756053117	4.116e-35     	4.3526	4.3526	0   	0   	19.3	0   	5.8919	0   
102       	106       	1         	A    	-98.8304424282	1.1981e-43    	4.1697	4.1697	10.524	10.524	26.678	17.181	6.1227	3.943
106       	107       	1         	A    	-71.9033951355	5.9259e-32    	18.073	18.073	5.8807	5.8807	0   	1000	0   	1000
106       	108       	1         	A    	-66.5752615149	1.221e-29     	18.117	18.117	5.8126	5.8126	0   	1000	0   	1000
106       	109       	1         	A    	-71.9033951355	5.9259e-32    	18.073	18.073	5.8807	5.8807	0   	1000	0   	1000
106       	110       	1         	A    	-66.5752615149	1.221e-29     	18.117	18.117	5.8126	5.8126	0   	1000	0   	1000
106       	111       	1         	A    	-66.5752615149	1.221e-29     	18.117	18.117	5.8126	5.8126	0   	1000	0   	1000
89        	107       	1         	A    	-78.1475231959	1.1507e-34    	4.2946	4.2946	0   	0   	14.973	49.726	6.315	20.972
90        	107       	1         	A    	-78.1475231959	1.1507e-34    	4.2946	4.2946	0   	0   	14.973	49.726	6.315	20.972
91        	107       	1         	A    	-78.1475231959	1.1507e-34    	4.2946	4.2946	0   	0   	14.973	49.726	6.315	20.972
92        	107       	1         	A    	-78.1475231959	1.1507e-34    	4.2946	4.2946	0   	0   	14.973	49.726	6.315	20.972
95        	107       	1         	A    	-76.9046696990	3.9877e-34    	4.3525	4.3525	0   	0   	17.862	0   	6.1278	0   
96        	107       	1         	A    	-96.4221267946	1.3317e-42    	4.1698	4.1698	10.524	10.524	26.643	15.719	6.418	3.7865
99        	107       	1         	A    	-96.4221267946	1.3317e-42    	4.1698	4.1698	10.524	10.524	26.643	15.719	6.418	3.7865
100       	107       	1         	A    	-76.9046696990	3.9877e-34    	4.3525	4.3525	0   	0   	17.862	0   	6.1278	0   
101       	107       	1         	A    	-76.9046696990	3.9877e-34    	4.3525	4.3525	0   	0   	17.862	0   	6.1278	0   
102       	107       	1         	A    	-96.4221267946	1.3317e-42    	4.1698	4.1698	10.524	10.524	26.643	15.719	6.418	3.7865
107       	108       	1         	A    	-71.0699063349	1.3637e-31    	16.767	16.767	6.0605	6.0605	0.76436	1000	2.2652	1000
107       	109       	1         	A    	-64.0229590877	1.5674e-28    	16.769	16.769	6.0556	6.0556	0   	1000	0   	1000
107       	110       	1         	A    	-71.0699063349	1.3637e-31    	16.767	16.767	6.0605	6.0605	0.76436	1000	2.2652	1000
107       	111       	1         	A    	-71.0699063349	1.3637e-31    	16.767	16.767	6.0605	6.0605	0.76436	1000	2.2652	1000
89        	108       	1         	A    	-80.6093568612	9.813e-36     	4.2947	4.2947	0   	0   	16.354	49.711	6.065	18.435
90        	108       	1         	A    	-80.6093568612	9.813e-36     	4.2947	4.2947	0   	0   	16.354	49.711	6.065	18.435
91        	108       	1         	A    	-80.6093568612	9.813e-36     	4.2947	4.2947	0   	0   	16.354	49.711	6.065	18.435
92        	108       	1         	A    	-80.6093568612	9.813e-36     	4.2947	4.2947	0   	0   	16.354	49.711	6.065	18.435
95        	108       	1         	A    	-79.1756053117	4.116e-35     	4.3526	4.3526	0   	0   	19.3	0   	5.8919	0   
96        	108       	1         	A    	-98.8304424282	1.1981e-43    	4.1697	4.1697	10.524	10.524	26.678	17.181	6.1227	3.943
99        	108       	1         	A    	-98.8304424282	1.1981e-43    	4.1697	4.1697	10.524	10.524	26.678	17.181	6.1227	3.943
100       	108       	1         	A    	-79.1756053117	4.116e-35     	4.3526	4.3526	0   	0   	19.3	0   	5.8919	0   
101       	108       	1         	A    	-79.1756053117	4.116e-35     	4.3526	4.3526	0   	0   	19.3	0   	5.8919	0   
102       	108       	1         	A    	-98.8304424282	1.1981e-43    	4.1697	4.1697	10.524	10.524	26.678	17.181	6.1227	3.943
108       	109       	1         	A    	-71.9033951355	5.9259e-32    	18.073	18.073	5.8807	5.8807	0   	1000	0   	1000
108       	110       	1         	A    	-66.5752615149	1.221e-29     	18.117	18.117	5.8126	5.8126	0   	1000	0   	1000
108       	111       	1         	A    	-66.5752615149	1.221e-29     	18.117	18.117	5.8126	5.8126	0   	1000	0   	1000
89        	109       	1         	A    	-78.1475231959	1.1507e-34    	4.2946	4.2946	0   	0   	14.973	49.726	6.315	20.972
90        	109       	1         	A    	-78.1475231959	1.1507e-34    	4.2946	4.2946	0   	0   	14.973	49.726	6.315	20.972
91        	109       	1         	A    	-78.1475231959	1.1507e-34    	4.2946	4.2946	0   	0   	14.973	49.726	6.315	20.972
92        	109       	1         	A    	-78.1475231959	1.1507e-34    	4.2946	4.2946	0   	0   	14.973	49.726	6.315	20.972
95        	109       	1         	A    	-76.9046696990	3.9877e-34    	4.3525	4.3525	0   	0   	17.862	0   	6.1278	0   
96        	109       	1         	A    	-96.4221267946	1.3317e-42    	4.1698	4.1698	10.524	10.524	26.643	15.719	6.418	3.7865
99        	109       	1         	A    	-96.4221267946	1.3317e-42    	4.1698	4.1698	10.524	10.524	26.643	15.719	6.418	3.7865
100       	109       	1         	A    	-76.9046696990	3.9877e-34    	4.3525	4.3525	0   	0   	17.862	0   	6.1278	0   
101       	109       	1         	A    	-76.9046696990	3.9877e-34    	4.3525	4.3525	0   	0   	17.862	0   	6.1278	0   
102       	109       	1         	A    	-96.4221267946	1.3317e-42    	4.1698	4.1698	10.524	10.524	26.643	15.719	6.418	3.7865
109       	110       	1         	A    	-71.0699063349	1.3637e-31    	16.767	16.767	6.0605	6.0605	0.76436	1000	2.2652	1000
109       	111       	1         	A    	-71.0699063349	1.3637e-31    	16.767	16.767	6.0605	6.0605	0.76436	1000	2.2652	1000
89        	110       	1         	A    	-80.6093568612	9.813e-36     	4.2947	4.2947	0   	0   	16.354	49.711	6.065	18.435
90        	110       	1         	A    	-80.6093568612	9.813e-36     	4.2947	4.2947	0   	0   	16.354	49.711	6.065	18.435
91        	110       	1         	A    	-80.6093568612	9.813e-36     	4.2947	4.2947	0   	0   	16.354	49.711	6.065	18.435
92        	110       	1         	A    	-80.6093568612	9.813e-36     	4.2947	4.2947	0   	0   	16.354	49.711	6.065	18.435
95        	110       	1         	A    	-79.1756053117	4.116e-35     	4.3526	4.3526	0   	0   	19.3	0   	5.8919	0   
96        	110       	1         	A    	-98.8304424282	1.1981e-43    	4.1697	4.1697	10.524	10.524	26.678	17.181	6.1227	3.943
99        	110       	1         	A    	-98.8304424282	1.1981e-43    	4.1697	4.1697	10.524	10.524	26.678	17.181	6.1227	3.943
100       	110       	1         	A    	-79.1756053117	4.116e-35     	4.3526	4.3526	0   	0   	19.3	0   	5.8919	0   
101       	110       	1         	A    	-79.1756053117	4.116e-35     	4.3526	4.3526	0   	0   	19.3	0   	5.8919	0   
102       	110       	1         	A    	-98.8304424282	1.1981e-43    	4.1697	4.1697	10.524	10.524	26.678	17.181	6.1227	3.943
110       	111       	1         	A    	-66.5752615149	1.221e-29     	18.117	18.117	5.8126	5.8126	0   	1000	0   	1000
89        	111       	1         	A    	-80.6093568612	9.813e-36     	4.2947	4.2947	0   	0   	16.354	49.711	6.065	18.435
90        	111       	1         	A    	-80.6093568612	9.813e-36     	4.2947	4.2947	0   	0   	16.354	49.711	6.065	18.435
91        	111       	1         	A    	-80.6093568612	9.813e-36     	4.2947	4.2947	0   	0   	16.354	49.711	6.065	18.435
92        	111       	1         	A    	-80.6093568612	9.813e-36     	4.2947	4.2947	0   	0   	16.354	49.711	6.065	18.435
95        	111       	1         	A    	-79.1756053117	4.116e-35     	4.3526	4.3526	0   	0   	19.3	0   	5.8919	0   
96        	111       	1         	A    	-98.8304424282	1.1981e-43    	4.1697	4.1697	10.524	10.524	26.678	17.181	6.1227	3.943
99        	111       	1         	A    	-98.8304424282	1.1981e-43    	4.1697	4.1697	10.524	10.524	26.678	17.181	6.1227	3.943
100       	111       	1         	A    	-79.1756053117	4.116e-35     	4.3526	4.3526	0   	0   	19.3	0   	5.8919	0   
101       	111       	1         	A    	-79.1756053117	4.116e-35     	4.3526	4.3526	0   	0   	19.3	0   	5.8919	0   
102       	111       	1         	A    	-98.8304424282	1.1981e-43    	4.1697	4.1697	10.524	10.524	26.678	17.181	6.1227	3.943
95        	112       	1         	A    	-121.2865771810	2.1179e-53    	4.343	4.343	0   	0   	3.2372	-   	37.622	-   
100       	112       	1         	A    	-121.2865771810	2.1179e-53    	4.343	4.343	0   	0   	3.2372	-   	37.622	-   
101       	112       	1         	A    	-121.2865771810	2.1179e-53    	4.343	4.343	0   	0   	3.2372	-   	37.622	-   
112       	113       	1         	A    	-130.7784219812	1.5983e-57    	3.2706	3.2706	37.451	37.451	0.2565	1000	9.0356	1000
112       	114       	1         	A    	-153.9029218106	1.4481e-67    	3.2234	3.2234	37.694	37.694	0.74218	1000	52.606	1000
112       	115       	1         	A    	-130.7784219812	1.5983e-57    	3.2706	3.2706	37.451	37.451	0.2565	1000	9.0356	1000
112       	116       	1         	A    	-130.7784219812	1.5983e-57    	3.2706	3.2706	37.451	37.451	0.2565	1000	9.0356	1000
112       	117       	1         	A    	-130.7784219812	1.5983e-57    	3.2706	3.2706	37.451	37.451	0.2565	1000	9.0356	1000
112       	118       	1         	A    	-103.0272400704	1.8023e-45    	3.2852	3.2852	37.378	37.378	1e-07	1000	0.0001	1000
95        	113       	1         	A    	-128.7623661981	1.2001e-56    	4.3435	4.3435	0   	0   	2.845	-   	47.802	-   
100       	113       	1         	A    	-128.7623661981	1.2001e-56    	4.3435	4.3435	0   	0   	2.845	-   	47.802	-   
101       	113       	1         	A    	-128.7623661981	1.2001e-56    	4.3435	4.3435	0   	0   	2.845	-   	47.802	-   
113       	114       	1         	A    	-150.9610074269	2.7445e-66    	2.8323	2.8323	47.919	47.919	0.45101	1000	38.999	1000
113       	115       	1         	A    	-110.5607805360	9.6397e-49    	2.8814	2.8814	47.477	47.477	1e-07	1000	0.0001	1000
113       	116       	1         	A    	-110.5607805360	9.6397e-49    	2.8814	2.8814	47.477	47.477	1e-07	1000	0.0001	1000
113       	117       	1         	A    	-110.5607805360	9.6397e-49    	2.8814	2.8814	47.477	47.477	1e-07	1000	0.0001	1000
113       	118       	1         	A    	-158.0533345113	2.282e-69     	2.9675	2.9675	46.756	46.756	1e-07	1000	6.4113e-08	641.13
44        	114       	1         	A    	-142.5823432244	1.1947e-62    	13.133	13.133	6.157	6.157	1.72	0   	99.367	0   
114       	115       	1         	A    	-185.9363532217	1.7736e-81    	3.7587	3.7587	95.171	95.171	1e-07	307.36	3.9512e-08	121.44
114       	116       	1         	A    	-185.9363532217	1.7736e-81    	3.7587	3.7587	95.171	95.171	1e-07	307.36	3.9512e-08	121.44
114       	117       	1         	A    	-185.9363532217	1.7736e-81    	3.7587	3.7587	95.171	95.171	1e-07	307.36	3.9512e-08	121.44
114       	118       	1         	A    	-179.1217367322	1.6159e-78    	1.857	1.857	96.737	96.737	1e-07	1000	9.0729e-09	90.729
95        	115       	1         	A    	-128.7623661981	1.2001e-56    	4.3435	4.3435	0   	0   	2.845	-   	47.802	-   
100       	115       	1         	A    	-128.7623661981	1.2001e-56    	4.3435	4.3435	0   	0   	2.845	-   	47.802	-   
101       	115       	1         	A    	-128.7623661981	1.2001e-56    	4.3435	4.3435	0   	0   	2.845	-   	47.802	-   
115       	116       	1         	A    	-110.5607805360	9.6397e-49    	2.8814	2.8814	47.477	47.477	1e-07	1000	0.0001	1000
115       	117       	1         	A    	-110.5607805360	9.6397e-49    	2.8814	2.8814	47.477	47.477	1e-07	1000	0.0001	1000
115       	118       	1         	A    	-158.0533345113	2.282e-69     	2.9675	2.9675	46.756	46.756	1e-07	1000	6.4113e-08	641.13
95        	116       	1         	A    	-128.7623661981	1.2001e-56    	4.3435	4.3435	0   	0   	2.845	-   	47.802	-   
100       	116       	1         	A    	-128.7623661981	1.2001e-56    	4.3435	4.3435	0   	0   	2.845	-   	47.802	-   
101       	116       	1         	A    	-128.7623661981	1.2001e-56    	4.3435	4.3435	0   	0   	2.845	-   	47.802	-   
116       	117       	1         	A    	-110.5607805360	9.6397e-49    	2.8814	2.8814	47.477	47.477	1e-07	1000	0.0001	1000
116       	118       	1         	A    	-158.0533345113	2.282e-69     	2.9675	2.9675	46.756	46.756	1e-07	1000	6.4113e-08	641.13
95        	117       	1         	A    	-128.7623661981	1.2001e-56    	4.3435	4.3435	0   	0   	2.845	-   	47.802	-   
100       	117       	1         	A    	-128.7623661981	1.2001e-56    	4.3435	4.3435	0   	0   	2.845	-   	47.802	-   
101       	117       	1         	A    	-128.7623661981	1.2001e-56    	4.3435	4.3435	0   	0   	2.845	-   	47.802	-   
117       	118       	1         	A    	-158.0533345113	2.282e-69     	2.9675	2.9675	46.756	46.756	1e-07	1000	6.4113e-08	641.13
95        	118       	1         	A    	-121.2865771810	2.1179e-53    	4.343	4.343	0   	0   	3.2372	-   	37.622	-   
100       	118       	1         	A    	-121.2865771810	2.1179e-53    	4.343	4.343	0   	0   	3.2372	-   	37.622	-   
101       	118       	1         	A    	-121.2865771810	2.1179e-53    	4.343	4.343	0   	0   	3.2372	-   	37.622	-   
119       	120       	1         	A    	-9.9391118433 	4.825e-05     	2.0289	2.0289	0   	0   	0   	1000	0   	0   
119       	121       	1         	A    	-9.9391118433 	4.825e-05     	2.0289	2.0289	0   	0   	0   	1000	0   	0   
119       	122       	1         	A    	-9.9391118433 	4.825e-05     	2.0289	2.0289	0   	0   	0   	1000	0   	0   
119       	123       	1         	A    	-9.9391118433 	4.825e-05     	2.0289	2.0289	0   	0   	0   	1000	0   	0   
119       	124       	1         	A    	-9.9391118433 	4.825e-05     	2.0289	2.0289	0   	0   	0   	1000	0   	0   
119       	125       	1         	A    	-9.9391118433 	4.825e-05     	2.0289	2.0289	0   	0   	0   	1000	0   	0   
119       	126       	1         	A    	-9.9391118433 	4.825e-05     	2.0289	2.0289	0   	0   	0   	1000	0   	0   
119       	127       	1         	A    	-9.9391118433 	4.825e-05     	2.0289	2.0289	0   	0   	0   	1000	0   	0   
120       	121       	1         	A    	-9.9391118433 	4.825e-05     	2.0289	2.0289	0   	0   	0   	1000	0   	0   
120       	122       	1         	A    	-9.9391118433 	4.825e-05     	2.0289	2.0289	0   	0   	0   	1000	0   	0   
120       	123       	1         	A    	-9.9391118433 	4.825e-05     	2.0289	2.0289	0   	0   	0   	1000	0   	0   
120       	124       	1         	A    	-9.9391118433 	4.825e-05     	2.0289	2.0289	0   	0   	0   	1000	0   	0   
120       	125       	1         	A    	-9.9391118433 	4.825e-05     	2.0289	2.0289	0   	0   	0   	1000	0   	0   
120       	126       	1         	A    	-9.9391118433 	4.825e-05     	2.0289	2.0289	0   	0   	0   	1000	0   	0   
120       	127       	1         	A    	-9.9391118433 	4.825e-05     	2.0289	2.0289	0   	0   	0   	1000	0   	0   
121       	122       	1         	A    	-9.9391118433 	4.825e-05     	2.0289	2.0289	0   	0   	0   	1000	0   	0   
121       	123       	1         	A    	-9.9391118433 	4.825e-05     	2.0289	2.0289	0   	0   	0   	1000	0   	0   
121       	124       	1         	A    	-9.9391118433 	4.825e-05     	2.0289	2.0289	0   	0   	0   	1000	0   	0   
121       	125       	1         	A    	-9.9391118433 	4.825e-05     	2.0289	2.0289	0   	0   	0   	1000	0   	0   
121       	126       	1         	A    	-9.9391118433 	4.825e-05     	2.0289	2.0289	0   	0   	0   	1000	0   	0   
121       	127       	1         	A    	-9.9391118433 	4.825e-05     	2.0289	2.0289	0   	0   	0   	1000	0   	0   
122       	123       	1         	A    	-9.9391118433 	4.825e-05     	2.0289	2.0289	0   	0   	0   	1000	0   	0   
122       	124       	1         	A    	-9.9391118433 	4.825e-05     	2.0289	2.0289	0   	0   	0   	1000	0   	0   
122       	125       	1         	A    	-9.9391118433 	4.825e-05     	2.0289	2.0289	0   	0   	0   	1000	0   	0   
122       	126       	1         	A    	-9.9391118433 	4.825e-05     	2.0289	2.0289	0   	0   	0   	1000	0   	0   
122       	127       	1         	A    	-9.9391118433 	4.825e-05     	2.0289	2.0289	0   	0   	0   	1000	0   	0   
123       	124       	1         	A    	-9.9391118433 	4.825e-05     	2.0289	2.0289	0   	0   	0   	1000	0   	0   
123       	125       	1         	A    	-9.9391118433 	4.825e-05     	2.0289	2.0289	0   	0   	0   	1000	0   	0   
123       	126       	1         	A    	-9.9391118433 	4.825e-05     	2.0289	2.0289	0   	0   	0   	1000	0   	0   
123       	127       	1         	A    	-9.9391118433 	4.825e-05     	2.0289	2.0289	0   	0   	0   	1000	0   	0   
124       	125       	1         	A    	-9.9391118433 	4.825e-05     	2.0289	2.0289	0   	0   	0   	1000	0   	0   
124       	126       	1         	A    	-9.9391118433 	4.825e-05     	2.0289	2.0289	0   	0   	0   	1000	0   	0   
124       	127       	1         	A    	-9.9391118433 	4.825e-05     	2.0289	2.0289	0   	0   	0   	1000	0   	0   
125       	126       	1         	A    	-9.9391118433 	4.825e-05     	2.0289	2.0289	0   	0   	0   	1000	0   	0   
125       	127       	1         	A    	-9.9391118433 	4.825e-05     	2.0289	2.0289	0   	0   	0   	1000	0   	0   
126       	127       	1         	A    	-9.9391118433 	4.825e-05     	2.0289	2.0289	0   	0   	0   	1000	0   	0   
